hsa10161	hsa10800	hsa11255	hsa1128	hsa1129	hsa1131	hsa1132	hsa1133	hsa1234	hsa1241	hsa1268	hsa134	hsa135	hsa136	hsa140	hsa146	hsa147	hsa148	hsa150	hsa151	hsa152	hsa153	hsa154	hsa155	hsa1812	hsa1813	hsa1814	hsa1815	hsa1816	hsa185	hsa1909	hsa1910	hsa222545	hsa23620	hsa2550	hsa2846	hsa2911	hsa2912	hsa2913	hsa2914	hsa2915	hsa2916	hsa2917	hsa2918	hsa3269	hsa3274	hsa3350	hsa3351	hsa3352	hsa3354	hsa3355	hsa3356	hsa3357	hsa3358	hsa3360	hsa3361	hsa3362	hsa3363	hsa338442	hsa3577	hsa4543	hsa4985	hsa4986	hsa4988	hsa5028	hsa5029	hsa5030	hsa5031	hsa5032	hsa552	hsa554	hsa56413	hsa57105	hsa5724	hsa5729	hsa5731	hsa5732	hsa5733	hsa5737	hsa5739	hsa59340	hsa6010	hsa64805	hsa6751	hsa6752	hsa6753	hsa6755	hsa6915	hsa7201	hsa8843	hsa886	hsa887	hsa9052	hsa9283	hsa9934
hsa10161	1	0.734668921771257	0.635060683266804	0.656713282992054	0.719229938434615	0.717442241476391	0.693224443708488	0.699880603622938	0.726445045697522	0.609611141175276	0.723318693593865	0.685868033006957	0.655982954840341	0.682515115396234	0.711988000665381	0.605684350271715	0.675094731918995	0.717266710760864	0.637506828909395	0.634167575272866	0.595425850438275	0.595807682090971	0.715155084487669	0.571150086931441	0.723402623520278	0.720085175588782	0.693230437023475	0.544803657789134	0.698051421321357	0.728493474077497	0.718236834986949	0.695205932353508	0.740239692198762	0.628790825546617	0.698056791412338	0.767665341748846	0.704885872112064	0.670672252885525	0.729239464639581	0.702830546894378	0.699256588617562	0.66193800290335	0.708173757124213	0.717809053727613	0.705080780911604	0.713701148910466	0.679380986334766	0.70401620046097	0.686046455972423	0.696405283025762	0.705983330940218	0.715140310730552	0.724403679705049	0.711244046632758	0.720005769099765	0.695171536625892	0.593747388346087	0.701041153629695	0.71208022655475	0.696929415482533	0.69829793826373	0.669243996323349	0.727607265466295	0.729736994536338	0.725328549398255	0.651663977448671	0.654782756171815	0.60808124347594	0.585129761513657	0.701383408842889	0.603731154997236	0.525961897848925	0.722423474494344	0.733078773897825	0.639529200627216	0.523924076150559	0.646961200129347	0.671946472725963	0.700959003320229	0.595178220618221	0.669588429949664	0.700126105296749	0.735991079646428	0.685383924645657	0.732441599968187	0.640555480501457	0.634703204357767	0.609836349928466	0.7363230180143	0.719406603252571	0.710902352226926	0.631963359311503	0.68660103604575	0.668956943471557	0.728187001292547
hsa10800	0.734668921771257	1	0.654297262059103	0.674656943239583	0.711423855572468	0.714091827840112	0.695823652548096	0.710128443139196	0.723691124030549	0.639878585120431	0.733931034619486	0.696860676547909	0.667750857608892	0.697612328341408	0.711980979784235	0.628265384063537	0.684468588899062	0.725649166234909	0.640860757679619	0.645774249777051	0.603082138880501	0.617433940428037	0.719821477179442	0.592939839358281	0.715327590958146	0.727015029420981	0.707512554855002	0.571965804579864	0.690800796710849	0.72743094680499	0.70778056884561	0.707024609164106	0.735986596922384	0.666711733632187	0.709301329650663	0.72731256536586	0.71732610061811	0.681722956937532	0.732981417088386	0.712917409023655	0.704386803209119	0.676338114947302	0.713134558740588	0.722119123240362	0.716705322036532	0.713231948705147	0.689172318302662	0.707379045278351	0.676442892026432	0.69245582652893	0.713983816858429	0.723162706034943	0.733125240384288	0.715328321852955	0.718209842705125	0.714855010461024	0.628672554998727	0.712628352778521	0.708865368377675	0.702946320267269	0.711894267805735	0.67597713928715	0.716277117799257	0.712508797431912	0.729760306658934	0.666126054604331	0.674943477044215	0.624570424122568	0.623180883489785	0.699841849756004	0.625055588516074	0.567435012989745	0.725976508200889	0.737913259793417	0.667082949858621	0.55415617082183	0.653303025834367	0.682100693707268	0.710218914860955	0.623877766498344	0.681259664973124	0.702885138857803	0.729222885956984	0.699044302235132	0.725704742280746	0.658605991033062	0.660007119424087	0.634324522142324	0.733070489354692	0.715634995062191	0.713352341814168	0.651705278328953	0.703925094806746	0.686504533327428	0.730168754394988
hsa11255	0.635060683266804	0.654297262059103	1	0.744763525554612	0.670762442726906	0.718746514583639	0.722515151181385	0.717233954561833	0.676351835981393	0.753774072232151	0.704642648280691	0.700872153828699	0.730153254637343	0.713074040807281	0.659729315614193	0.762013115308293	0.753630361300328	0.725449011580437	0.739845334247025	0.737183193892233	0.748968301808891	0.748121811994685	0.692623799893061	0.73439588672743	0.71935167703966	0.705480915938632	0.723779804131279	0.725031705074371	0.729369467823557	0.670196768142252	0.651724972783106	0.712014172615535	0.681906622124501	0.739538676691508	0.741719738246479	0.66586392845134	0.740476805655316	0.766080164111909	0.727217119515257	0.740684343834539	0.749588297533718	0.763547052475236	0.717083328101326	0.715160159626769	0.712180238679959	0.709050048486819	0.734731013628579	0.713437223704308	0.70027977087641	0.681649978782712	0.675421740246482	0.694580481615935	0.692613073699252	0.68159043224158	0.710094599866679	0.731022206406739	0.746376296724918	0.732289180986537	0.68642938230262	0.695937546733838	0.688618797962204	0.738866398991119	0.687813694735921	0.683654011294338	0.711454454018964	0.72423755083751	0.723787113542452	0.710619243776962	0.743156762138077	0.723319129097285	0.746871767819685	0.728384818799596	0.69045298769776	0.665017448784054	0.721962972107048	0.738669819343487	0.731704096051828	0.745362956810441	0.693072078356996	0.749782645470097	0.702626990155147	0.688092500919237	0.642190446787139	0.729481641833203	0.676142529247656	0.725891603604628	0.734046747566224	0.733636380817951	0.679491035346705	0.689178956815106	0.724547834240886	0.741757861220549	0.716973365254914	0.740773685517027	0.640056171621598
hsa1128	0.656713282992054	0.674656943239583	0.744763525554612	1	0.72426342024228	0.760203625391378	0.752918597432982	0.775555678823269	0.692473680494987	0.715362967423818	0.719865814169619	0.699316323652411	0.71438713852504	0.702869065413878	0.678433573048392	0.714521112412817	0.753773705978319	0.732244029361292	0.731384888087117	0.738941390044613	0.692145365318285	0.713628408296866	0.703506970757411	0.713319520066559	0.718741462242866	0.725147725538311	0.72920742529948	0.690808127526854	0.722541046570368	0.690675222670717	0.682968775226027	0.733162447957243	0.712222439384762	0.735529030129924	0.760516765418666	0.686294362544718	0.756879944517234	0.751733213579459	0.74622244584686	0.758767107273223	0.752722376334175	0.757584867051899	0.742026334667844	0.739889689009589	0.741239833456797	0.726239914991472	0.74328696218147	0.737773326011862	0.70615066958723	0.707996830685571	0.704998387890646	0.708114069753069	0.730399220687023	0.701985228472216	0.722901828280347	0.734953428369308	0.726743077864615	0.7353940047065	0.687791076216524	0.705147326242123	0.67487747063644	0.718456316828308	0.697035180199613	0.710640704825866	0.714893134390944	0.719993195436307	0.722699384034598	0.706744468745864	0.705971154192519	0.730684442576135	0.721154381174254	0.698268604378866	0.704887390573311	0.681540903574142	0.72153692405751	0.686592557970919	0.724154017233851	0.742092954065979	0.698479368609314	0.71612006608789	0.681775031737235	0.690752746543946	0.679567193153082	0.719979784267405	0.694965311671764	0.714788546874795	0.697194803897154	0.715669333648042	0.702790440813878	0.689994653478119	0.747142603826856	0.73490756973923	0.728693276684756	0.750981898601581	0.656963801046781
hsa1129	0.719229938434615	0.711423855572468	0.670762442726906	0.72426342024228	1	0.765365657543869	0.769038487400645	0.760828537341896	0.696604074914683	0.633627752602059	0.734159587021638	0.705193723355972	0.686011288274871	0.697425092703983	0.699288287583905	0.652664419226405	0.709717815591726	0.733178606111883	0.676088719209829	0.680033776148341	0.631414586429974	0.650351250891955	0.727401555793175	0.621904998548704	0.737007410919949	0.737949383977193	0.713102948605502	0.610581623528152	0.729632157429729	0.7136837474483	0.713895528826857	0.719189128102082	0.746587660996311	0.661730034424204	0.732779184781573	0.717470576908839	0.742499047137905	0.705234773726544	0.751344016825035	0.739688176153178	0.742903582557094	0.708688200677861	0.750874211827649	0.750042999036524	0.731997703036626	0.722584997116951	0.725991316865975	0.73621828873795	0.698835479209607	0.706878195657604	0.72304240039882	0.735701237673639	0.73766603666677	0.73574557997104	0.726605597097701	0.71491927059719	0.640752025441151	0.726216547072299	0.691442307408997	0.682892961442934	0.707567818717455	0.695564221306878	0.729471481670396	0.741943858650891	0.720306368975054	0.657543528822905	0.655007267519838	0.635606679387307	0.63374995283842	0.731298375981735	0.646916621818453	0.570753354353074	0.700562294073574	0.716069734539654	0.638288491105567	0.577234601625238	0.659275256836377	0.691465992445762	0.700492300505596	0.630026036572271	0.669735763963491	0.705956841071642	0.711054059781521	0.706145769460883	0.740693864631272	0.678961702458846	0.667064682915203	0.626756938547899	0.747762596656964	0.701982214005674	0.720519103810116	0.659428662591968	0.693641642760151	0.701194733027014	0.707254491214793
hsa1131	0.717442241476391	0.714091827840112	0.718746514583639	0.760203625391378	0.765365657543869	1	0.755087303902243	0.782442757038973	0.716080758218255	0.677793796984581	0.753710207337333	0.699752898284368	0.701329589891832	0.698892283019215	0.702163320764144	0.679562283437995	0.743618280201654	0.750493392405161	0.701536116466118	0.7120010463187	0.659986438754551	0.676834690543646	0.738194522175102	0.647662129003063	0.754393353682835	0.74567320734528	0.729217070660029	0.625865291412608	0.73897690223592	0.728274332355252	0.717211212809273	0.733050400960367	0.758379585336247	0.694760175634036	0.765577457267449	0.733336876082071	0.764954076392063	0.733748771308409	0.768495426054801	0.760967406031243	0.768193939192464	0.736815141481105	0.759961558070821	0.766606381602024	0.757153629112626	0.738098390218921	0.737184557408748	0.752590493451077	0.731080363583144	0.738626443259164	0.745463501192546	0.761597912700667	0.75903380518099	0.723459312362374	0.73892509347353	0.735801648895432	0.683045082864859	0.739460722723332	0.71027930548611	0.704671997352012	0.699935678124462	0.704272527544396	0.725952796873695	0.743007758270111	0.736339323391513	0.684315876037463	0.690395778684852	0.670907796563911	0.666999137342195	0.744796902390173	0.682594579019353	0.617862706950496	0.723308216580246	0.711255053782924	0.681424021960892	0.626584630893556	0.704362661037155	0.733993114172675	0.729234370627133	0.672739654877276	0.721030188408408	0.704248673725773	0.721455921524053	0.715510837052659	0.735552269521784	0.683754085348196	0.670987893589075	0.672855916122261	0.740461613029391	0.719857456818555	0.751804468547192	0.687964147563549	0.722249173591808	0.730571700295151	0.716769502477775
hsa1132	0.693224443708488	0.695823652548096	0.722515151181385	0.752918597432982	0.769038487400645	0.755087303902243	1	0.771796252471602	0.697624465320198	0.692168137213347	0.728164297902258	0.720618170427061	0.714010682667702	0.72001622559692	0.687075869018441	0.701284923387616	0.733933425079598	0.730762725591243	0.718253200600664	0.71210485438515	0.687036298154157	0.723336329832458	0.714230904328691	0.705331242222026	0.735846123574268	0.745553375592241	0.736362891989583	0.689189554445743	0.740468161870139	0.702547589075612	0.694382521526375	0.728531969324465	0.726123004332878	0.705142993056508	0.742670658304943	0.705980619987709	0.75003400508919	0.740216326978939	0.742922569909944	0.746385830615077	0.745629282161869	0.747936374306458	0.746162928056105	0.743332806743627	0.72995883118384	0.731494264052471	0.742155381265051	0.750130107508293	0.712659360858243	0.708499020519954	0.706081637496036	0.712341350741669	0.732581008395329	0.723874906987938	0.731495456074771	0.730439951101744	0.703431970382862	0.739713396597603	0.688819949411949	0.69686669664232	0.708649979930248	0.734043510645584	0.719864350217188	0.730620202495976	0.725308681947937	0.703535714009028	0.69326630285742	0.703818421768404	0.69748494533986	0.745169090788601	0.702548835326775	0.652851784394875	0.698304269128976	0.710801022239068	0.677929786709243	0.654292459821838	0.693788729195054	0.716463904160398	0.696899269773502	0.692313330562509	0.675919367379661	0.71506560630611	0.689588317846653	0.724224460519657	0.718266487302185	0.717396941126616	0.718109237317333	0.680184870635597	0.730327349094825	0.6963354603325	0.72727123964664	0.709253151595885	0.709383117314177	0.727548958750429	0.677893019659459
hsa1133	0.699880603622938	0.710128443139196	0.717233954561833	0.775555678823269	0.760828537341896	0.782442757038973	0.771796252471602	1	0.706859860799735	0.684593003985193	0.742118925463786	0.711070490181601	0.707523192121116	0.713553146850519	0.697781930841724	0.691870449070672	0.741326852864278	0.745165144643039	0.708561542944836	0.721608269144293	0.671932457254038	0.699463469309305	0.728412965299331	0.68009897849803	0.745292853452186	0.752246522814168	0.740140102588595	0.656290504031854	0.736794969659943	0.712144992014683	0.706367809099584	0.74116244437293	0.74320554694513	0.709746772726973	0.766412118981165	0.714127669000601	0.764133115392463	0.742620054992699	0.764758654873221	0.761293683755026	0.761364497253558	0.748035598567548	0.762769691927572	0.761960681847071	0.757090146950375	0.740691437891724	0.749077738915111	0.75396349749195	0.724686227528875	0.730390617884392	0.738698195211704	0.733557105251334	0.749464435837528	0.72641191856738	0.739914190801315	0.737374476883725	0.690817292484176	0.742865410999915	0.694672381445337	0.704500701269933	0.701342227177697	0.724888737563398	0.72347889178239	0.737059774036029	0.732879418968981	0.70546121647043	0.705587661821726	0.695743518884878	0.688280998596729	0.740502075867349	0.696827615397663	0.641766762010119	0.717498301265929	0.71039550017256	0.688024731166022	0.636412124544923	0.700091988511314	0.729571828421514	0.714558635127623	0.681780679930112	0.693353329287744	0.708724362546967	0.707214546345612	0.722574735585708	0.728796318742436	0.710121483223569	0.696917207963161	0.679444937235184	0.73990618772731	0.703821215253003	0.742110958716422	0.704741221446697	0.724448586570874	0.740333033093281	0.693115945878502
hsa1234	0.726445045697522	0.723691124030549	0.676351835981393	0.692473680494987	0.696604074914683	0.716080758218255	0.697624465320198	0.706859860799735	1	0.662475441684949	0.738617081211566	0.716672251983853	0.700981663030155	0.714835662261019	0.721013268644948	0.639751128715242	0.696926300149926	0.726398157949278	0.665254200825516	0.683717892157057	0.626925289931235	0.643118315475027	0.730869782113231	0.626349041586772	0.717353698073159	0.724339166972429	0.713392823892857	0.597267608034552	0.708058714201914	0.741322214975194	0.709030636916127	0.719268703281352	0.744951234320068	0.674593745580763	0.722866853841095	0.723332106142103	0.720457054694821	0.704289159473908	0.741795106972535	0.721658039005035	0.708868426144347	0.698692449824966	0.725981649323887	0.730524980054808	0.723519792345504	0.729761623564478	0.707266960083251	0.718680596112126	0.709199958814352	0.718721335945527	0.716593509949435	0.713809821301984	0.737251547346177	0.719396636322005	0.734963135225717	0.715201669104219	0.65582473625749	0.723559040454791	0.725226968719757	0.734120706478333	0.710611315331035	0.685602253609415	0.722671362304294	0.710521907255604	0.728990976044818	0.673511928516131	0.690401634990378	0.668341595783165	0.64865856474927	0.699654963760895	0.648641493537513	0.607623835562017	0.738516261071059	0.740478312898686	0.688001748374852	0.59720052354949	0.683564194669255	0.709360647252442	0.728482536769465	0.65270757914939	0.679158855260627	0.715602884341639	0.735323059346927	0.704170223978958	0.730056213710544	0.672716980131069	0.675949032361838	0.677167398134639	0.736484887312815	0.729039416298018	0.722939556788325	0.674638163077351	0.725224998967316	0.708626863656309	0.729769643026352
hsa1241	0.609611141175276	0.639878585120431	0.753774072232151	0.715362967423818	0.633627752602059	0.677793796984581	0.692168137213347	0.684593003985193	0.662475441684949	1	0.69139054382917	0.691494749068323	0.722437526252404	0.717185294007928	0.669200818367407	0.738348444043169	0.727982306266364	0.698608483925209	0.695006475901732	0.711262859923894	0.731553327482604	0.724292653604299	0.663955504725364	0.742568372984022	0.682859046408297	0.674715540091383	0.717282261210173	0.711035013315698	0.689752540673501	0.654490435820367	0.629002147163981	0.692520613217361	0.650130670605371	0.749443444710482	0.705225569471173	0.648114398417119	0.700001055876231	0.747620986389692	0.695227689107706	0.705604535294727	0.704564488319983	0.735689256452821	0.676731605092615	0.672710470760071	0.679808382173089	0.705718316775196	0.711740611090974	0.688337085466671	0.683588018500373	0.65155844836725	0.653345384321799	0.674933250215403	0.668955604901058	0.66391994603204	0.685139077857055	0.719126606357247	0.744297232234306	0.70903698022401	0.665121912805021	0.70966945502185	0.686565727246521	0.728244727052512	0.662065143467313	0.653397604004256	0.698902469684379	0.734113288382332	0.727797854221088	0.712257793810317	0.747217482152496	0.699566230043214	0.749661516181655	0.760019961122663	0.682027223360769	0.647850423665297	0.737965144356225	0.755957295051416	0.739945980835059	0.738282413095919	0.68950191519958	0.753845844384869	0.681512580847811	0.653070044430749	0.619720616621474	0.715743569165617	0.659835038778384	0.720061332321511	0.738490456665236	0.753680393146744	0.6594332430021	0.66409349888367	0.699503271269881	0.741632299095566	0.706459140705756	0.720130346421624	0.613093148376219
hsa1268	0.723318693593865	0.733931034619486	0.704642648280691	0.719865814169619	0.734159587021638	0.753710207337333	0.728164297902258	0.742118925463786	0.738617081211566	0.69139054382917	1	0.732617470741403	0.724966826891876	0.729610229482596	0.738123342980393	0.684115072043829	0.734849717410452	0.757054028195551	0.690283369102914	0.703373498348236	0.65778574812525	0.6797885816083	0.745615167525078	0.655046598753457	0.751180191880443	0.747111752628764	0.731806674933013	0.634755055030147	0.739237661392699	0.743053141926983	0.723498972405463	0.747076985031983	0.755928836960478	0.709051499050697	0.754732195403398	0.734486633841996	0.758475228568687	0.738877471110772	0.769344023081464	0.758921582344961	0.755737674000392	0.736675155528955	0.75856159877601	0.761502646380897	0.754377686795196	0.755097477633566	0.737968071131808	0.74137498284225	0.732149873801681	0.739096604728044	0.751644718047524	0.755817303650102	0.757558669059921	0.738986191488665	0.753761895232379	0.745631007922538	0.688814066866157	0.748787734447033	0.732412950057539	0.736638431937146	0.729535797474892	0.727763533885127	0.749765003982905	0.738080125592145	0.751669736733329	0.70852195236178	0.713896071271825	0.673967198635258	0.681254671588199	0.733593963199114	0.68963128102854	0.635730119041756	0.739812076519683	0.739069758403669	0.707964665519675	0.631864704270447	0.715388126281664	0.728974499372237	0.750380133975846	0.68958413835103	0.707082388218169	0.710245858188841	0.724130514488455	0.735241312393883	0.747350986811575	0.694896050695611	0.696939600232457	0.696014895043976	0.748203803347257	0.738910815000678	0.740833983928584	0.705836405197895	0.732727328119256	0.729045434509974	0.728529664758272
hsa134	0.685868033006957	0.696860676547909	0.700872153828699	0.699316323652411	0.705193723355972	0.699752898284368	0.720618170427061	0.711070490181601	0.716672251983853	0.691494749068323	0.732617470741403	1	0.74192526166361	0.740591016199614	0.731834200148983	0.682604740913626	0.708114463353608	0.722000649601745	0.695093951965957	0.717155123492875	0.664813381837045	0.698260873642253	0.715480543469385	0.683133867986006	0.725704282385916	0.726890170410844	0.716403871927262	0.666937292454317	0.730074706282809	0.725469660883452	0.680243488970671	0.737084199808127	0.720276183256246	0.699677015203894	0.719294208645864	0.69060693439875	0.727656358167703	0.71651283517328	0.727801383638172	0.723771610587448	0.718737622036582	0.717850857636527	0.724877504387888	0.721851200626994	0.709107692382414	0.733598995764573	0.727176452860218	0.729284955153231	0.712121668322665	0.704531942289107	0.712903118569246	0.714622828701449	0.727478779737207	0.739855325405137	0.734456506327727	0.731170723890749	0.700342500196038	0.736935683874453	0.709818651986413	0.718154183844073	0.733930751191542	0.731845643014929	0.725685862170432	0.70258398741052	0.725435575402088	0.687004815353617	0.691047491926817	0.690385629264543	0.698959943338736	0.701670628679559	0.692037009977292	0.642150374719907	0.716342219692436	0.717170957512389	0.684688859040938	0.652300344238725	0.689478122119895	0.693809747866682	0.716904438947418	0.691909633421987	0.662563654283625	0.704825533105136	0.683794785480413	0.716540614013089	0.712588342443019	0.699887915714343	0.711918526195048	0.683415995751393	0.722357591552754	0.714361209582453	0.710964512946684	0.697966722474864	0.714664886148381	0.714413161357376	0.694387945130475
hsa135	0.655982954840341	0.667750857608892	0.730153254637343	0.71438713852504	0.686011288274871	0.701329589891832	0.714010682667702	0.707523192121116	0.700981663030155	0.722437526252404	0.724966826891876	0.74192526166361	1	0.757413617332559	0.702164887413982	0.727953511047622	0.734840462259343	0.73248119001242	0.721344645959932	0.732396006139282	0.704465723364953	0.715596876526383	0.723377472963518	0.708716318725035	0.712609716536506	0.710788568582265	0.725416387981019	0.699413911016995	0.735408855075888	0.691217613715682	0.672583034552959	0.726156652572177	0.705370843003603	0.717602518073822	0.734835283829718	0.678219770902237	0.738942715152919	0.748777433993685	0.734483650128089	0.739355821408975	0.734077149407502	0.749176538145757	0.735749310928504	0.726584007618542	0.705999071272952	0.735586116026503	0.736071348129078	0.706707987228062	0.703734847268074	0.679135233985165	0.687275674794903	0.698067178523529	0.707659822242014	0.717678889945098	0.732363133776464	0.718110825632707	0.72046299252412	0.73547322728738	0.702906240451997	0.7145794078	0.7193121231038	0.733551839149347	0.708931352873793	0.695498531488694	0.707481569800373	0.702462792824474	0.709019579265279	0.708252170526822	0.724098261406175	0.715752928819113	0.724099814114579	0.694114300456432	0.702228634745923	0.697424776305304	0.70624434939661	0.692263633971924	0.71303747092745	0.717168198128496	0.712495835771337	0.72787667683813	0.666804612579385	0.703866674619253	0.655893265845931	0.72790078045774	0.70429040039567	0.710099998855204	0.725424843699002	0.716199712677242	0.702278416181402	0.709098937990945	0.707034728777546	0.723680900566325	0.716495023457635	0.737914432967171	0.657666656006472
hsa136	0.682515115396234	0.697612328341408	0.713074040807281	0.702869065413878	0.697425092703983	0.698892283019215	0.72001622559692	0.713553146850519	0.714835662261019	0.717185294007928	0.729610229482596	0.740591016199614	0.757413617332559	1	0.722154334493803	0.702982653647412	0.713907139411426	0.719594774766329	0.688924781940075	0.704315057242525	0.687869872729743	0.700668330587503	0.719390259361435	0.705464584123086	0.717760059541001	0.712531653572944	0.736785207159932	0.684648929264382	0.726526858628474	0.698926498954107	0.690151300229712	0.721105814821208	0.703080277385979	0.716832173530478	0.711978240584294	0.696309570892842	0.718318127507524	0.735215707270644	0.730813629836253	0.722987641139224	0.713128171002507	0.733167336521805	0.724443446706405	0.712462395556089	0.698830310439718	0.743642834810882	0.730247735174691	0.719295941086438	0.699765378642089	0.689611430213233	0.690273361412797	0.709302309988951	0.717081742444489	0.710356061262564	0.737151969924422	0.733500578566707	0.710610592877893	0.735764533601755	0.698087657019307	0.727775005574211	0.730375464764555	0.737276223091436	0.714444065098583	0.70653222308895	0.726542867568795	0.72128530435791	0.716147134826918	0.719747240269511	0.724007297884219	0.714298010873321	0.711027593061418	0.688964395832975	0.707328155264802	0.722557316977659	0.702423681073584	0.672627455465956	0.702552743071786	0.715205426930575	0.716900388197086	0.715171930240277	0.65905561436426	0.711016067419832	0.678217907418534	0.731883388150749	0.710984217257707	0.706946171537099	0.741612527297042	0.709860470954977	0.724960386314137	0.703034126723003	0.707572492252728	0.710885200248516	0.726958002656094	0.729402443184174	0.66775970166877
hsa140	0.711988000665381	0.711980979784235	0.659729315614193	0.678433573048392	0.699288287583905	0.702163320764144	0.687075869018441	0.697781930841724	0.721013268644948	0.669200818367407	0.738123342980393	0.731834200148983	0.702164887413982	0.722154334493803	1	0.6266404935034	0.69703760525194	0.715754004881205	0.630597199319928	0.655509814788578	0.604899728891196	0.62619582694724	0.702584159500126	0.625837476460037	0.706101608553779	0.713658856523354	0.715390356261779	0.584406760904764	0.688742772168834	0.734426792751109	0.717202518010552	0.729896360792672	0.717999235019787	0.689344640340158	0.702129127711937	0.715100534157233	0.699196355156848	0.678381077017567	0.716754213707902	0.700332371801907	0.689038521137552	0.673852104635423	0.695363419737242	0.70018753980706	0.711549824060472	0.739422028012144	0.700815734697345	0.711714286655309	0.705594979754365	0.715839972751388	0.719630442629988	0.728777442962633	0.727825905062871	0.718527193739718	0.726940304183166	0.721402365061765	0.66829280411272	0.714220795303555	0.710511222306996	0.730301099393649	0.718309714396075	0.693046046784314	0.713625419823023	0.708028215594605	0.722996686314689	0.679690824228776	0.700749005666372	0.646834477200365	0.648283214582848	0.676474136164468	0.652723119790814	0.606722741754678	0.74089792336663	0.714865199653931	0.690471244869105	0.60356418946006	0.69183067756933	0.696981796253346	0.732348855615759	0.652807688342748	0.670855253570988	0.680819338516188	0.710394396013398	0.704146913817709	0.726428168302038	0.658058666516699	0.667379291203268	0.674649068771655	0.733920520334105	0.715271594293119	0.71577079372092	0.681039166714344	0.718130444583264	0.698012745624642	0.710499879647566
hsa146	0.605684350271715	0.628265384063537	0.762013115308293	0.714521112412817	0.652664419226405	0.679562283437995	0.701284923387616	0.691870449070672	0.639751128715242	0.738348444043169	0.684115072043829	0.682604740913626	0.727953511047622	0.702982653647412	0.6266404935034	1	0.750435754237668	0.724679920341987	0.748436714441389	0.726873530605556	0.771279876886527	0.747848457486175	0.685094010938687	0.729769501514816	0.69494696692319	0.679463968718247	0.71592937477782	0.734055967306827	0.723393912944243	0.617507151634184	0.608916987470996	0.679644580182435	0.643626487164148	0.732814012813577	0.726262515319885	0.638024844033644	0.728842169980862	0.764846783142772	0.708838998512744	0.733167802858157	0.741890249603056	0.767343443704534	0.708328326581972	0.704734083483681	0.687474718878734	0.686580933803858	0.717682998798349	0.685180720134103	0.654472316429609	0.63068213912801	0.646373844561331	0.654137025601855	0.651336057814992	0.665724586291841	0.686676912430287	0.707905406564498	0.716323046940943	0.718753291375928	0.651819662559145	0.659430783719091	0.673236829053558	0.738722662781995	0.679858340488755	0.651278877477899	0.684562971756027	0.717009313909995	0.702751477482699	0.690323682545453	0.735900682227754	0.717608883657019	0.736120731247081	0.722251594255307	0.646875262149465	0.645532473406291	0.701647096571171	0.732996786046904	0.70895037153042	0.711847076683174	0.65502362504344	0.746800467506132	0.658205839848793	0.668153995614744	0.603570782330872	0.734135021495898	0.655881883827714	0.746537687638913	0.741958181420379	0.718122866510718	0.647865617253662	0.655746490533853	0.682630726905288	0.739107210837329	0.686019973998739	0.72610019045915	0.601624040488292
hsa147	0.675094731918995	0.684468588899062	0.753630361300328	0.753773705978319	0.709717815591726	0.743618280201654	0.733933425079598	0.741326852864278	0.696926300149926	0.727982306266364	0.734849717410452	0.708114463353608	0.734840462259343	0.713907139411426	0.69703760525194	0.750435754237668	1	0.767744710974911	0.748151791782594	0.743672251922682	0.729096604931135	0.738720671592845	0.717368338881352	0.71857466669463	0.739912064622689	0.737586629072247	0.744615424383773	0.704995816369351	0.739627201920486	0.709225494925509	0.692610726593645	0.743658095862733	0.71998442679088	0.732816724317482	0.766936939661097	0.705523130903079	0.76715879989067	0.763859017847068	0.755046235434703	0.76800171696789	0.766750228368335	0.763642441556267	0.745906652025345	0.749771572005482	0.748017977501328	0.736073815107536	0.760367560756974	0.738832063574755	0.723273791478029	0.7130295835083	0.715905199933903	0.728181185608897	0.725641423191118	0.717230919419401	0.730580352401266	0.744007227665713	0.74545566199405	0.756488199081359	0.71410127063449	0.71885829867409	0.70594234114801	0.737540822267833	0.722749182092001	0.717863289163327	0.731016360042906	0.733297338401408	0.732775093596605	0.700835053034516	0.722756451991499	0.735570808030171	0.739888765718659	0.695176458205146	0.716811717430682	0.6922579360084	0.73272725317839	0.70314086416153	0.740059125496214	0.741120409002174	0.718828499425257	0.733613858409333	0.709209603355651	0.691461257744584	0.691894600156596	0.739262049199351	0.714720109837963	0.723331170783166	0.71923003262582	0.726709313419345	0.703663938133944	0.718236031713241	0.745806191451233	0.747165840494565	0.733995852263883	0.754498015369706	0.68268553913493
hsa148	0.717266710760864	0.725649166234909	0.725449011580437	0.732244029361292	0.733178606111883	0.750493392405161	0.730762725591243	0.745165144643039	0.726398157949278	0.698608483925209	0.757054028195551	0.722000649601745	0.73248119001242	0.719594774766329	0.715754004881205	0.724679920341987	0.767744710974911	1	0.720351437712798	0.722725921542013	0.68806546128931	0.701529522825958	0.742120416929777	0.670356008861152	0.752743547445335	0.745659933752386	0.746104515937402	0.65663683061609	0.742212723097536	0.723859236643328	0.711252211461373	0.746615841993897	0.744955247605899	0.716669954322424	0.76192959746103	0.719678707210486	0.771070841301337	0.746385382932126	0.766342740315193	0.766088797156004	0.769208694625502	0.744410564948999	0.757289563201977	0.762916525590283	0.756304737737296	0.747419134451647	0.746142232445174	0.745391915607833	0.724322550711494	0.722372619789398	0.743283895788289	0.748336920863816	0.747255845897225	0.740122013345852	0.752675485322639	0.750862362911487	0.701605656290013	0.757738374576642	0.723891439988993	0.720752154883465	0.728369667063247	0.727905729211056	0.74016715156863	0.731548423209056	0.739541157686203	0.71044263901585	0.715766848575335	0.665044080098414	0.683527196265357	0.739712893165527	0.698689776153029	0.639544987435049	0.738826220949519	0.729644562479558	0.705745671236712	0.648177088285225	0.716450858461807	0.731178635636271	0.740459082120057	0.69931118768756	0.717098075885104	0.704626188043076	0.710152633570039	0.744614456538813	0.745544637110129	0.72269962809302	0.708689365386509	0.703256563522073	0.738361740702397	0.734000864245198	0.742454090374714	0.720440059754505	0.729144140246816	0.747438292924412	0.728419485739505
hsa150	0.637506828909395	0.640860757679619	0.739845334247025	0.731384888087117	0.676088719209829	0.701536116466118	0.718253200600664	0.708561542944836	0.665254200825516	0.695006475901732	0.690283369102914	0.695093951965957	0.721344645959932	0.688924781940075	0.630597199319928	0.748436714441389	0.748151791782594	0.720351437712798	1	0.756660608388799	0.759763180278169	0.741075304190365	0.696215449908215	0.708737730456909	0.707551604877954	0.701792522887708	0.704611198551927	0.721104162498154	0.732116300985266	0.661499896500929	0.636532102886854	0.705550049335576	0.683921663627316	0.691002926523689	0.739543182274351	0.660995204361031	0.744073009576078	0.750570662407598	0.725064429616192	0.749539845539183	0.745062775354164	0.761515455250502	0.733387199887763	0.729811235806854	0.692202356770286	0.696733137382543	0.731007194770309	0.704203610571678	0.68282724730372	0.662544401005149	0.667119300275244	0.6669043309784	0.688536390637575	0.697355018787268	0.697798993143485	0.695409164152958	0.709564303882324	0.724669741511211	0.669908755116906	0.659801425854791	0.675074586802609	0.727789177645924	0.696262968054529	0.684445297759166	0.692868767418893	0.696317997360708	0.685091633346759	0.690419952473895	0.697790818748491	0.719950109094125	0.717911412217659	0.684088859446973	0.658266891735044	0.663893866154287	0.677905110918673	0.686309067503287	0.698750206124481	0.701268097326172	0.65403692070709	0.712716749128833	0.646622048535351	0.687977490742967	0.651524350280115	0.707958237370256	0.676677904564386	0.712469063224968	0.708510332101674	0.684040877304126	0.658344134953183	0.67324414254061	0.696799576453987	0.71788588439249	0.690527849473457	0.722714131491999	0.62922737380442
hsa151	0.634167575272866	0.645774249777051	0.737183193892233	0.738941390044613	0.680033776148341	0.7120010463187	0.71210485438515	0.721608269144293	0.683717892157057	0.711262859923894	0.703373498348236	0.717155123492875	0.732396006139282	0.704315057242525	0.655509814788578	0.726873530605556	0.743672251922682	0.722725921542013	0.756660608388799	1	0.739322203982223	0.726747208619505	0.701579824877512	0.709748997698216	0.710182118138511	0.704684798982833	0.712872504471632	0.702152379127236	0.731551668878401	0.673229250416497	0.641385737984239	0.717155406024504	0.699881908642656	0.705405414239769	0.745540190985348	0.662817795315351	0.75015599217362	0.759165167949333	0.735046257940322	0.74541284908785	0.740917514590742	0.754149424315475	0.736059730575363	0.733041498548534	0.702370646618661	0.7128621507212	0.732041507941547	0.718816114310608	0.711843308859249	0.684546085777185	0.691212519220636	0.689454728740251	0.698537743715291	0.701442684437658	0.713820601388107	0.718317888763358	0.721467443656105	0.726171352723111	0.677708627928115	0.682726861307642	0.683917607255652	0.722202503721332	0.690363754223643	0.683063440240808	0.699322657154345	0.70006094839958	0.701252651893325	0.705436536338575	0.717939832594774	0.716258489883975	0.722495995742333	0.683920588946236	0.678866171530713	0.673445310598153	0.701607336307064	0.695318182134159	0.719963050571572	0.715802537057626	0.685744869581071	0.718168437555793	0.67398281364316	0.686351465109009	0.649894844145022	0.705947264967129	0.677075170148266	0.720173280529593	0.702046826721183	0.707560852136229	0.676426216223655	0.683272762068946	0.708240207896672	0.716007655424112	0.702811093771972	0.734650685370679	0.645577234212476
hsa152	0.595425850438275	0.603082138880501	0.748968301808891	0.692145365318285	0.631414586429974	0.659986438754551	0.687036298154157	0.671932457254038	0.626925289931235	0.731553327482604	0.65778574812525	0.664813381837045	0.704465723364953	0.687869872729743	0.604899728891196	0.771279876886527	0.729096604931135	0.68806546128931	0.759763180278169	0.739322203982223	1	0.745424382763453	0.662333814224905	0.721020827590338	0.676784971560793	0.666829854217585	0.693445930876324	0.732379710554029	0.709409759979758	0.610901173632112	0.590754193221694	0.657077556678952	0.622257697126099	0.701381902225113	0.692539221910322	0.623749369403327	0.693598554637256	0.751559738874249	0.689182651927999	0.707084370927458	0.71405421914912	0.746107992730534	0.685628654855117	0.681798437736728	0.656348582083092	0.670933184571023	0.707592131448683	0.672749862282766	0.651967289986333	0.617475966459227	0.632047630390429	0.632706435453903	0.63345530171674	0.651613258119607	0.668990500494762	0.684119419963801	0.700672111853865	0.693977658766821	0.628958777128621	0.639318344740412	0.663924380674386	0.732233077697406	0.656985770924572	0.637658693390714	0.679069921922782	0.711088519296949	0.676896361295711	0.694446894960106	0.73009421072037	0.705654346781666	0.732685075455881	0.71118062547806	0.624653754975633	0.628384850139234	0.682026081341704	0.740924937450537	0.706779177185652	0.695973853461523	0.639084123583246	0.728403987987953	0.647215185574088	0.657354438471527	0.589738026614619	0.70752517033801	0.636771465560633	0.722795511623355	0.734549070367928	0.700231813098568	0.628996238357697	0.629330939463494	0.663342567127684	0.718751450071395	0.663018649407342	0.688354623402304	0.579195686117114
hsa153	0.595807682090971	0.617433940428037	0.748121811994685	0.713628408296866	0.650351250891955	0.676834690543646	0.723336329832458	0.699463469309305	0.643118315475027	0.724292653604299	0.6797885816083	0.698260873642253	0.715596876526383	0.700668330587503	0.62619582694724	0.747848457486175	0.738720671592845	0.701529522825958	0.741075304190365	0.726747208619505	0.745424382763453	1	0.679203822683695	0.774603408524901	0.694550459726253	0.693054263328705	0.700803079280431	0.762661813532687	0.724604345536134	0.64316625368306	0.614144033167799	0.694540790328717	0.646197628034388	0.722868526305949	0.706906356689436	0.632224399408797	0.725265734550661	0.753876986329236	0.699496220642828	0.717950035892959	0.726343250332556	0.754919815878557	0.701624083999449	0.693904886780522	0.67731199855933	0.688732027332623	0.730705907984131	0.70527131048593	0.677638797584157	0.651283933495113	0.648550875126096	0.658757531620268	0.663776040123879	0.676425254680138	0.698465785740006	0.707073578982364	0.75229904457718	0.720652709848129	0.656973439439517	0.669340113668699	0.685163029404869	0.75139621076285	0.677161643708857	0.665453360975211	0.682068758931857	0.717425290815018	0.706989865093762	0.716016411448533	0.74508318780665	0.702749049546937	0.741724715527213	0.713479820578148	0.650397299018606	0.644067610876748	0.701492208490388	0.732070721411094	0.701755645909658	0.70378484908819	0.658917984691985	0.741549066549692	0.649239454005572	0.663772450500491	0.606760715879248	0.71210551140494	0.646252296730972	0.725369247047445	0.740311003354139	0.716274834599791	0.65040572560764	0.657862689369556	0.687428721509958	0.734218211861459	0.683167410213471	0.719140146183327	0.598835942966905
hsa154	0.715155084487669	0.719821477179442	0.692623799893061	0.703506970757411	0.727401555793175	0.738194522175102	0.714230904328691	0.728412965299331	0.730869782113231	0.663955504725364	0.745615167525078	0.715480543469385	0.723377472963518	0.719390259361435	0.702584159500126	0.685094010938687	0.717368338881352	0.742120416929777	0.696215449908215	0.701579824877512	0.662333814224905	0.679203822683695	1	0.644690791523589	0.735822586862288	0.73666119246262	0.72855594413802	0.619771971617994	0.741027928932596	0.714858202681218	0.71332144723128	0.718656014099088	0.746241663917797	0.679426881681125	0.746661265690189	0.719483854685787	0.752609110268362	0.728927413867736	0.763299645758578	0.750908443097691	0.746076316960438	0.726345039984363	0.753551504244586	0.757395211508764	0.7357647690503	0.736127745708227	0.728319708103115	0.725557780393497	0.707479453974139	0.706293961290052	0.719949245320045	0.736075888348479	0.740030180826292	0.73736912412207	0.752311684576558	0.72231156718618	0.656795488624141	0.740028980557428	0.719133216462385	0.715315512659444	0.719664793050827	0.703684058918454	0.724112896296499	0.726141807291422	0.726515478434159	0.67304226831607	0.680746173429816	0.655165781237008	0.65661213174586	0.724503200522886	0.665045689717874	0.612802888222573	0.720574585408	0.734334248161837	0.677470886420651	0.605021134408043	0.694413758659198	0.71467809849391	0.724578164515453	0.664328368766614	0.681338464175851	0.717022244351412	0.713377342477358	0.728364656806916	0.733110478061478	0.692089571408152	0.683522650918022	0.674438549827236	0.728776223445548	0.727766660784752	0.724499866628228	0.685264800935452	0.717523977914493	0.722945153952823	0.713035285611098
