hsa10161	hsa10800	hsa11255	hsa1128	hsa1129	hsa1131	hsa1132	hsa1133	hsa1234	hsa1241	hsa1268	hsa134	hsa135	hsa136	hsa140	hsa146	hsa147	hsa148	hsa150	hsa151	hsa152	hsa153	hsa154	hsa155	hsa1812	hsa1813	hsa1814	hsa1815	hsa1816	hsa185	hsa1909	hsa1910	hsa222545	hsa23620	hsa2550	hsa2846	hsa2911	hsa2912	hsa2913	hsa2914	hsa2915	hsa2916	hsa2917	hsa2918	hsa3269	hsa3274	hsa3350	hsa3351	hsa3352	hsa3354	hsa3355	hsa3356	hsa3357	hsa3358	hsa3360	hsa3361	hsa3362	hsa3363	hsa338442	hsa3577	hsa4543	hsa4985	hsa4986	hsa4988	hsa5028	hsa5029	hsa5030	hsa5031	hsa5032	hsa552	hsa554	hsa56413	hsa57105	hsa5724	hsa5729	hsa5731	hsa5732	hsa5733	hsa5737	hsa5739	hsa59340	hsa6010	hsa64805	hsa6751	hsa6752	hsa6753	hsa6755	hsa6915	hsa7201	hsa8843	hsa886	hsa887	hsa9052	hsa9283	hsa9934
hsa10161	1	0.128391222387656	0.0970434454074526	0.091601884582635	0.108287388200996	0.121612767145431	0.106382543428735	0.102878882209285	0.121695048782066	0.0903871881058125	0.116450134372325	0.104757801091189	0.0959977238327465	0.100347247080692	0.113254848429171	0.0961472720243541	0.111621030766147	0.115147559723786	0.0934913953493605	0.0874969883279295	0.0938291329885199	0.0853206097963568	0.105630275912516	0.082290393710372	0.131069273784611	0.112102435516683	0.108755154781933	0.0743691026026688	0.117166730097855	0.129656030912353	0.102562082669136	0.113990415372705	0.139883190015924	0.0896547325209612	0.124070519645689	0.210715510788261	0.134377549598156	0.120184202311737	0.13385458884098	0.122810480709021	0.130945019150654	0.110103592887638	0.12687960723508	0.125560555351402	0.104266279526315	0.109552164183294	0.102488066013867	0.104026297682192	0.10726002209796	0.105970206337363	0.108023368120831	0.115350262128703	0.125957338399028	0.111616070128019	0.107861839636454	0.101449869501568	0.0819309616033755	0.108565804023695	0.118041056143433	0.121327533680438	0.107435056002608	0.110813651895501	0.130420107968607	0.124263677541019	0.129869466641151	0.120370889851207	0.11020140660024	0.0977511298260791	0.0860499118215353	0.102100877184987	0.0794224421158318	0.0740652782420946	0.130679997693623	0.115287797917115	0.0883612740350253	0.0733479271879522	0.0968696075744527	0.0974656376953191	0.107227839597132	0.0884018767965488	0.0913783533070228	0.10085445676441	0.120484944694938	0.109462385082278	0.111525031889445	0.0946957683422451	0.0977943650089787	0.0836427811595309	0.110874054261123	0.12336523228139	0.111963779351723	0.0967475991381345	0.0986276146660792	0.105690994362051	0.121772464011157
hsa10800	0.128391222387656	1	0.0995199986845367	0.105875757651651	0.104835142187056	0.115252852585605	0.111460941374353	0.110869882065793	0.116434892430696	0.118277101401255	0.121707607450568	0.106043164439668	0.101393374697936	0.112595333063284	0.11001390404192	0.103296773925906	0.106616037256994	0.118590725864732	0.0931272690425778	0.0899986500163559	0.0925815269497119	0.0961578686470439	0.109362733610949	0.0963284988198704	0.119930311342269	0.119188839223626	0.118337369877864	0.0837312551252933	0.0995992242719551	0.126341888603694	0.0958204313773143	0.107827066393176	0.139412196717773	0.113891909419264	0.123186011117946	0.132559169377561	0.136806587111153	0.117664775997351	0.129604778385583	0.127963201770048	0.125862492942396	0.125755331305471	0.125853332095877	0.133382670668709	0.103365717826892	0.106689866926764	0.0982639283659974	0.11117322972648	0.0998405443104964	0.101598506576269	0.111386454411792	0.119130755488215	0.133380013209838	0.116004932149948	0.10699584561586	0.118167277929772	0.106766453113766	0.108345177826167	0.109812786773412	0.111477135733752	0.126745498218104	0.101900316640252	0.109632785974107	0.111220905124008	0.121052143427188	0.121094586220587	0.113682727775242	0.0915686587581215	0.0964167825198336	0.10385997309362	0.0883723844426183	0.0973542597650135	0.128449483065026	0.124438995882071	0.109165866910001	0.0847220351422314	0.0918807831170411	0.10399781803358	0.109884714959971	0.0911477955622588	0.107832802110212	0.107011447143759	0.125854944423611	0.111451129281094	0.110216071590754	0.104728661651038	0.114662178473422	0.0957743223127459	0.119878866033154	0.112067264524373	0.113447959852344	0.10824153734286	0.108980873039638	0.110290552474774	0.123967403739669
hsa11255	0.0970434454074526	0.0995199986845367	1	0.153875726784283	0.112315171846302	0.143254910450274	0.148907361688171	0.127804492343811	0.115759673574429	0.17799862551591	0.116614097617117	0.126053962642457	0.133561317116962	0.127248146913189	0.103585958976221	0.195014342486071	0.151782082971136	0.132193732197196	0.159127728863811	0.139215542211403	0.183304509433191	0.163343963699777	0.107781924165106	0.164005366841295	0.141627571469686	0.132911987723256	0.133433897334805	0.162808091939358	0.135483313468443	0.116082886157098	0.0891772839482569	0.128671477791109	0.128171424790303	0.152310142650285	0.168844146394092	0.107515234998136	0.167869859301522	0.17254919227748	0.141981288731946	0.149721568566815	0.179963681507966	0.176106243003368	0.145576095548934	0.134735918016372	0.124424602492236	0.120847327519408	0.135451260856182	0.130424235283589	0.121553229701042	0.119494546173566	0.106288106817559	0.121756906996521	0.120510884296618	0.118748137473327	0.121164106727916	0.129915755934855	0.163172310620303	0.135372232234486	0.110917555199647	0.116726026900269	0.120874576720527	0.151752082911366	0.112701076430399	0.115620677147903	0.122345149650598	0.131078057978629	0.138455452983512	0.126154416873311	0.149419584523084	0.118173368457614	0.14696754100449	0.17164767193259	0.121672716622281	0.103385754864882	0.129054308784477	0.182040158727294	0.137133451746596	0.151837824641796	0.114876426124488	0.145367504150691	0.140989589232644	0.117393766342719	0.0988514655676146	0.142234194889173	0.105061166924684	0.146693808762087	0.158178277428977	0.146025208764284	0.120795313760433	0.113136830972652	0.142449967257509	0.14459203963831	0.121536209488773	0.144340481504634	0.101079046022988
hsa1128	0.091601884582635	0.105875757651651	0.153875726784283	1	0.19124588091841	0.230124081022932	0.206154745734807	0.239913778316445	0.110664380950276	0.150657009132698	0.125586997784107	0.115657269680241	0.12767977315082	0.113060707879937	0.116346077270884	0.151113518748913	0.148799840194773	0.133467082971792	0.147590321938772	0.153856512067899	0.132695506681795	0.132888610553814	0.113086090948029	0.152960760397745	0.132774259868314	0.122734015281376	0.122980060033037	0.142842230163982	0.125933043641538	0.116691555935397	0.0999692060753879	0.130287288094826	0.13588293324866	0.160268596560695	0.163791777433742	0.100466976749777	0.171232420163664	0.162373752180523	0.14758049297399	0.162588756361904	0.170410121296698	0.162567892153647	0.145296525848459	0.144457703690064	0.141626358048452	0.125070035037785	0.137741085932297	0.140211647053387	0.123579319771421	0.120744673125459	0.110368415389846	0.119900502543333	0.134936714008267	0.120029938578684	0.120953987372456	0.140721219216014	0.14747087393812	0.124813313483419	0.0996390766844676	0.129529625721681	0.105562781210466	0.123843922226691	0.108858444755154	0.118732070279059	0.116375207442548	0.130619345477274	0.136057448993287	0.123898824923382	0.122450576862995	0.120247559664977	0.141054188332756	0.158134900430144	0.112092684313098	0.102804373507913	0.14195606283709	0.148530938662451	0.132835515043506	0.140077101340503	0.114427404475587	0.143784690435586	0.112731732956563	0.108350169911638	0.10723337220311	0.128810307025731	0.100989050717061	0.132661389881956	0.119059120028062	0.138550659994361	0.127152617635892	0.101922479577846	0.147693132911302	0.155547619406576	0.121562510894109	0.145180346211436	0.104520766233804
hsa1129	0.108287388200996	0.104835142187056	0.112315171846302	0.19124588091841	1	0.208921212354355	0.263144441144795	0.197687575983421	0.10645458815017	0.111166800414996	0.12824713779695	0.122754859858098	0.111482909570342	0.115195388657587	0.127473239110208	0.122397472135521	0.136656867528191	0.13558047462591	0.11450052761612	0.122247383464377	0.10709802047533	0.10893356608104	0.115132035923738	0.111341550221724	0.12906310471116	0.123996290667906	0.116312121332082	0.108549436039114	0.127119093557842	0.123162952911275	0.11047548180265	0.133101197465075	0.143006928377481	0.11555705663136	0.139258619974246	0.109761621075693	0.1549524394709	0.142541188851389	0.147370435902535	0.142223507563307	0.154372222540139	0.1321708575176	0.144057935837267	0.14203191369171	0.134199493275199	0.121460388334987	0.126956342818891	0.130430170582018	0.121940860623371	0.120068117716782	0.128695741186484	0.133808340097998	0.132076353124936	0.136149807223332	0.120519258196351	0.127211144688092	0.114514689518412	0.124295703992804	0.110318187213254	0.110525888351283	0.111061448076062	0.113129681645708	0.123945912122228	0.125812122932623	0.116734089463062	0.105145419080188	0.105426972919891	0.0972137678259416	0.0992617515515667	0.126964683951952	0.11137449571195	0.0920040838815004	0.113581282066025	0.112376388970472	0.106211515051023	0.100304123107618	0.111993605547979	0.11534969448676	0.115560922896534	0.109018459103192	0.11574508770973	0.109439191154503	0.109492804830168	0.109392172037139	0.124541739068615	0.121418723456094	0.11131431799503	0.0997351893001037	0.134065413109574	0.110577015390318	0.123417451284641	0.113116094918331	0.108528411970736	0.119308035623125	0.122428846438605
hsa1131	0.121612767145431	0.115252852585605	0.143254910450274	0.230124081022932	0.208921212354355	1	0.20678419841146	0.249179230002675	0.12478495488407	0.134015875108941	0.14801630305865	0.120350862851357	0.127440600250088	0.120371737261654	0.126881525205924	0.140834094089903	0.158000246419963	0.151935391065428	0.140244401524206	0.137553724112212	0.123262998632463	0.12464476519185	0.13223655919127	0.128147568669699	0.146639838023356	0.137592864911076	0.129625228264337	0.11383864416095	0.140979501179108	0.138244152511025	0.112673142869452	0.128578657366673	0.163780739928607	0.135441533345085	0.170259403897389	0.132202466450352	0.179688752188471	0.15292552706798	0.163390951267844	0.161569191950228	0.182173336936174	0.158245289013383	0.156246590143094	0.163006394287462	0.146775014458	0.133105626341008	0.129715308031337	0.143771049167176	0.138625973368079	0.138835328225856	0.142642954968438	0.153312165264843	0.149279957241731	0.136132589164924	0.137207222422394	0.130937255737853	0.136692974430008	0.138140376334001	0.117877010564979	0.128882454567794	0.123979010229465	0.122102857863139	0.123939453508501	0.139987832301753	0.131992835478364	0.117973878824695	0.123328368595666	0.123827690217195	0.118517160316121	0.132083867718203	0.123238186830778	0.116448653133514	0.122270788390001	0.114669348541145	0.119631440941681	0.126727737860838	0.125873285537547	0.131127444413928	0.128929374199071	0.124453195112957	0.131703731453246	0.118362858451646	0.11964683676647	0.132541638545981	0.125989616860283	0.125849380003963	0.125503046480234	0.117962942610217	0.141325506873491	0.122985109018501	0.144059914624174	0.127155234341649	0.124402963239291	0.146510627630266	0.123627384291183
hsa1132	0.106382543428735	0.111460941374353	0.148907361688171	0.206154745734807	0.263144441144795	0.20678419841146	1	0.207678792370884	0.1098245701215	0.139720855986015	0.129575136574578	0.127137568425376	0.125351685158879	0.123420972630261	0.115867939088491	0.138111791916718	0.148362573169397	0.138976612030928	0.138678565613161	0.121131189045067	0.126640344053899	0.150898029395277	0.118435433924528	0.153002133781939	0.131435008840042	0.131439297382102	0.133618980220772	0.140688084935417	0.133454067811461	0.116320238752841	0.10732589158816	0.13111884760969	0.146572175084689	0.12719029069243	0.155633399133345	0.111709352153164	0.172504231547186	0.153581738371445	0.140851852256222	0.149992451393464	0.165017740100643	0.158405921422348	0.14550306116268	0.14678132958382	0.136405003487354	0.125604363690968	0.134596744024119	0.1491187832232	0.136877269242041	0.13075976134393	0.118909707478892	0.126936558364308	0.132409300927291	0.131058583762912	0.123565083239665	0.127428254705184	0.141434377781457	0.137248711100523	0.10057418632823	0.121564809741064	0.116121613490757	0.13373893043789	0.119496376746661	0.123695194081894	0.117597475785187	0.12604353395022	0.120771605294017	0.119018410269174	0.121555886390531	0.132112025116645	0.126830610850263	0.129579920380356	0.113698078596355	0.109167679530932	0.117070380925703	0.133569831917999	0.122861218612261	0.129251321512946	0.119007687376414	0.134989231519312	0.110747760746714	0.110811639399368	0.108559069768793	0.12109957750123	0.117212224724028	0.125240073110901	0.138785430645302	0.118389209809168	0.135010421735108	0.107951835853035	0.128378202151973	0.133473494395273	0.107342498126109	0.131538153476438	0.111892272311378
hsa1133	0.102878882209285	0.110869882065793	0.127804492343811	0.239913778316445	0.197687575983421	0.249179230002675	0.207678792370884	1	0.112915109954523	0.12807176594345	0.134860143337051	0.116947184365908	0.125101909124875	0.120888674301636	0.126316967184129	0.136146915830521	0.144673427191021	0.140952495693679	0.13016829585835	0.129575342727941	0.125194831377319	0.127651723610528	0.121951563051942	0.129897665257622	0.142583478079781	0.132956507645583	0.128683676160043	0.117679046897379	0.133031803307906	0.117940678544651	0.101342837873162	0.128030839111408	0.149794412642107	0.13408757243785	0.160222354465704	0.116741754340977	0.163646817378106	0.155476569580685	0.152370336180517	0.152801746478262	0.164623337951491	0.150287794054745	0.151614287356486	0.155162753685646	0.144132438180143	0.130821824525306	0.142025643166138	0.145281875164858	0.137328830799242	0.131998651245014	0.144017915980882	0.126250666135202	0.133935501498486	0.128700688463493	0.133332366730509	0.127886933797355	0.131349085464816	0.133119422019302	0.0992887915055507	0.120747627868504	0.115107931236246	0.12251142257079	0.123449030525747	0.125377728526615	0.12277648944249	0.121639094043371	0.12467923599626	0.122259905861325	0.111266369359893	0.125948121976808	0.121202788775397	0.113646202332687	0.116732357732447	0.10644302866873	0.114952910170909	0.118170605186649	0.121057363769051	0.126731367643469	0.122476691262733	0.123701936292582	0.115680395703993	0.111298860897229	0.107562930290176	0.125242848464162	0.11722622054859	0.132329598394198	0.128222547150001	0.114457594674707	0.137855771083324	0.104180016814752	0.138283344802913	0.132587113830182	0.115223065707441	0.130915003825023	0.109644354039583
hsa1234	0.121695048782066	0.116434892430696	0.115759673574429	0.110664380950276	0.10645458815017	0.12478495488407	0.1098245701215	0.112915109954523	1	0.120357408505576	0.130133544983441	0.114862182744732	0.112194311256752	0.113956532326297	0.117783792088312	0.10454986204766	0.114189849727149	0.121643699092384	0.104874462310585	0.105354517934448	0.0963356241199161	0.116881339459237	0.117693641811993	0.114820767517136	0.121959800259428	0.127133650995106	0.112100169521824	0.0956579404424781	0.120969437929079	0.134368739315091	0.0952096713475192	0.117320452437828	0.149977238260444	0.117428249048852	0.136397295381313	0.105935445849654	0.138656401520582	0.131938335721147	0.141937276973098	0.130118970199527	0.139419916602331	0.13264951186847	0.131381030764749	0.1359686280273	0.118343409745258	0.121961419763211	0.112672821806853	0.118752224226252	0.118584627534299	0.120578504922095	0.114362512841142	0.112671067700897	0.133577896870617	0.116734337071113	0.115171579626902	0.109201853878406	0.115553568041106	0.116591841707072	0.118056839586671	0.150250239247215	0.115757317845059	0.106439649075507	0.121121867027839	0.10562500365648	0.119441151763562	0.112677299702483	0.117734447799382	0.110360984767333	0.107769613041253	0.106405672671273	0.10155612449434	0.11166764847778	0.129077752412245	0.111868584677947	0.107724081412764	0.111116103114349	0.108122876830809	0.135968937925973	0.12151608426282	0.105907209974283	0.107300121446909	0.109841638272686	0.124224864023043	0.121183378869917	0.128555556328554	0.133773137289559	0.137389248560677	0.11974092751461	0.128682479020971	0.118155459874524	0.130765620002131	0.122854378925153	0.127424063189491	0.124793500644764	0.125555709151841
hsa1241	0.0903871881058125	0.118277101401255	0.17799862551591	0.150657009132698	0.111166800414996	0.134015875108941	0.139720855986015	0.12807176594345	0.120357408505576	1	0.134641343850865	0.141160199753216	0.148724732030043	0.145076531769175	0.133632395352502	0.181255192198872	0.155462450092703	0.128938179268472	0.143010370209849	0.144581045590063	0.178144560687792	0.156687556735888	0.112524259302166	0.188091296117258	0.124726268284548	0.125333182959264	0.141490808060916	0.168091266221074	0.126644019003479	0.135160309209991	0.0963405370667117	0.136626063067564	0.134283021714335	0.178610765555344	0.163143578779241	0.11056603852841	0.167256926145217	0.18342826450628	0.145463421067124	0.152941628040564	0.171120728112489	0.181297833700124	0.13748179635731	0.138308392953931	0.120293313985056	0.141748810012315	0.137562635732822	0.126948216536998	0.134793301481918	0.106835660462343	0.107929828956224	0.127619865558758	0.120514084808216	0.128121953701072	0.126018177929342	0.131083229537607	0.178972809745058	0.140312231148455	0.115028229983686	0.148704979351043	0.134310380549194	0.161404859060833	0.119187341606882	0.120044533537671	0.131185414579452	0.160092371874466	0.155074149019313	0.153970569338985	0.168972739123803	0.143901471672688	0.185058877569309	0.228470204885253	0.12415307080728	0.107261684194097	0.160381179052418	0.216265808430196	0.168708458506569	0.165479230380401	0.126664556951975	0.167165914343066	0.130994132644422	0.11372267443831	0.0987769840917635	0.14472952373397	0.117489618955258	0.170391520879777	0.174354681632397	0.171888805129706	0.124522429959803	0.116877345346622	0.136094868792942	0.167994933748447	0.139230608414436	0.144631026078147	0.101091626801453
hsa1268	0.116450134372325	0.121707607450568	0.116614097617117	0.125586997784107	0.12824713779695	0.14801630305865	0.129575136574578	0.134860143337051	0.130133544983441	0.134641343850865	1	0.135087310228517	0.137392353108366	0.129674868689305	0.147948183368878	0.134997010402811	0.145475761358408	0.145478980036554	0.110577350797514	0.111965982403892	0.11599937771405	0.118710996040984	0.126376175627666	0.125727644482541	0.137681973573158	0.13211638559685	0.12715025930243	0.110634492060206	0.129758319471246	0.132554525862831	0.109517433015233	0.139888693033583	0.140268144467673	0.134421739419116	0.156689525031171	0.126213469295653	0.160389562008877	0.150972952459272	0.153059047585202	0.151548307090996	0.159788226241298	0.146896077617634	0.152722684396184	0.153984850682915	0.133784042511656	0.145058470272609	0.129802547864432	0.122702371757106	0.137711739478151	0.133066770177262	0.133794149306529	0.140952989859882	0.143110387338776	0.130802220696998	0.125564022247314	0.134222345703024	0.12980740181029	0.125204063585692	0.113662582058495	0.130332082674069	0.134386274850851	0.130841112425808	0.126799758328293	0.119272778113476	0.133945934962235	0.141191503071893	0.140888394600866	0.107790395629518	0.125855196185922	0.128087661692812	0.123477821772317	0.128285281622032	0.133818419265351	0.123943546709918	0.127121557613081	0.120768536982362	0.12903027465153	0.126662581570023	0.143328004352064	0.129274288185751	0.125629047926343	0.115410860874424	0.116645695872796	0.128549033851487	0.128593226081704	0.124589466773959	0.140888074017062	0.128870550839822	0.13595998449095	0.117904328100115	0.130031392614051	0.141240524705953	0.119705555939655	0.131316967569677	0.122889334578339
hsa134	0.104757801091189	0.106043164439668	0.126053962642457	0.115657269680241	0.122754859858098	0.120350862851357	0.127137568425376	0.116947184365908	0.114862182744732	0.141160199753216	0.135087310228517	1	0.171629012744393	0.166180847539337	0.177728418948455	0.1284332495855	0.126707670630271	0.124410512388243	0.122683187203928	0.13058435003056	0.117972042943326	0.129033724503421	0.122992658995782	0.135347470695931	0.132282533494239	0.131424756181047	0.129942362248041	0.124865804618612	0.129064530186707	0.118096544454838	0.105484230256287	0.132597917495847	0.132236956449984	0.125263009327064	0.137854916196231	0.107946057910378	0.141239664676032	0.132748346993783	0.129006684543756	0.135504223054774	0.139274333107383	0.143459731513728	0.128826014234943	0.126822970903669	0.108452111812551	0.134323351871264	0.131162247046895	0.125606332524735	0.11969839107869	0.122816278790769	0.124608462976862	0.129770427171389	0.130625161796246	0.13485948828911	0.131517362749605	0.134505154131686	0.143766627188844	0.130602521782217	0.11424668207048	0.12932103405901	0.129329022236587	0.133170765536556	0.120669120383783	0.108048362781255	0.119034103991903	0.11172518555238	0.113978466784548	0.118368633525925	0.127435421116227	0.103470222392052	0.122014558226842	0.111877808207817	0.117878152192204	0.113816641476157	0.110984631526977	0.14289219516113	0.120862477749966	0.117179027233915	0.126850752026488	0.127834713005984	0.103505152563509	0.101475466726608	0.0987040985493124	0.120110984764109	0.115089025937611	0.127804664164775	0.134478213270859	0.123372340468707	0.127227408443741	0.119204763863866	0.122008536258272	0.123141524782358	0.115345791823208	0.127172293701734	0.103828066556641
hsa135	0.0959977238327465	0.101393374697936	0.133561317116962	0.12767977315082	0.111482909570342	0.127440600250088	0.125351685158879	0.125101909124875	0.112194311256752	0.148724732030043	0.137392353108366	0.171629012744393	1	0.213086351002121	0.164207644197192	0.153893622533273	0.146020086928791	0.137665457842081	0.131207532557079	0.135090150455898	0.13392778488117	0.141500797508913	0.132836438713909	0.147709281887539	0.121691350063455	0.131269910020726	0.129344948719304	0.13436327024208	0.126291676651031	0.113047989995968	0.0968092791972476	0.133327375502478	0.125777630237749	0.140650503835476	0.152331165665388	0.107673237534011	0.153583966847539	0.152109239350251	0.137086261221364	0.142927253335415	0.148551444347486	0.157802935724111	0.144163609319029	0.133117517265778	0.115096560006857	0.145633782232313	0.131649432024986	0.107586833198262	0.119941134595105	0.105807164655934	0.112173878226977	0.119196127631974	0.128975718133818	0.13174470873279	0.129728969210778	0.112902362616901	0.144906890493337	0.125842409880278	0.111097536610001	0.126318124834739	0.13664519581751	0.142913570574438	0.121722196132133	0.10880400252399	0.109285608466066	0.122712565119062	0.127814045924298	0.123836697533674	0.141790077668692	0.12067414094031	0.136222959571748	0.137038161504912	0.116141980539114	0.102455443380677	0.122816314184988	0.148556299222757	0.12923737104871	0.12819674775258	0.130078446502959	0.139794303074564	0.117412325538602	0.108419309060801	0.0973031807750615	0.124492019657991	0.126129420348711	0.126530285326931	0.135164961228745	0.130228366276747	0.126052770915594	0.114090547894187	0.116426815187093	0.139565104640351	0.118131603773177	0.135778563010433	0.0923303098116384
hsa136	0.100347247080692	0.112595333063284	0.127248146913189	0.113060707879937	0.115195388657587	0.120371737261654	0.123420972630261	0.120888674301636	0.113956532326297	0.145076531769175	0.129674868689305	0.166180847539337	0.213086351002121	1	0.165772306305576	0.133957185722168	0.132658808717014	0.127886211160562	0.117758660997974	0.127893239781864	0.126737858208646	0.132247387922398	0.123534101545753	0.146761215128119	0.131514340533588	0.116574718183182	0.12411264047034	0.13301779649271	0.119939198261358	0.112105648433098	0.102776176285566	0.125300489883983	0.122845639583616	0.13194214180213	0.130180635673301	0.102038473286903	0.138273379434759	0.138705025231929	0.133817969796928	0.136538637383791	0.135942764346268	0.14938435165046	0.13756713678666	0.129247947465597	0.107664490528394	0.133725817635089	0.123491240858742	0.113903208889143	0.112151281201949	0.108483111258477	0.11407002497384	0.125776859907862	0.135582018734578	0.118991804093861	0.121927235899298	0.127622872595779	0.147851068334485	0.123150658316283	0.111175728281865	0.128453455938047	0.129708028961154	0.133145386645329	0.120746655393416	0.114025424786862	0.117799687963393	0.1311927794064	0.124448524711777	0.124868556888486	0.142777562068947	0.11483315962495	0.12884653788161	0.134199416761318	0.11169749296152	0.12714252290339	0.121610561624866	0.139494027349648	0.121899767394223	0.12058943504889	0.130608143281939	0.134644277203682	0.112189615839501	0.108120832551446	0.0955258761675478	0.124242982931376	0.12122281215698	0.128794391568086	0.150782366389379	0.13058976051874	0.12335276877956	0.113391997817557	0.11943673064264	0.132270456583645	0.122822249317545	0.129137204244804	0.0970918476188235
hsa140	0.113254848429171	0.11001390404192	0.103585958976221	0.116346077270884	0.127473239110208	0.126881525205924	0.115867939088491	0.126316967184129	0.117783792088312	0.133632395352502	0.147948183368878	0.177728418948455	0.164207644197192	0.165772306305576	1	0.112926340860734	0.136953367748606	0.126829049130459	0.102134370700892	0.110452379212253	0.103518689392592	0.111524714461628	0.119337390966694	0.115820771045667	0.121842057640532	0.124123682345142	0.132616773082247	0.0980014474851787	0.114206374870162	0.131336205879978	0.126227273103168	0.149459292085409	0.127706593586806	0.137774947912139	0.139570358840744	0.118835401688388	0.133073699515012	0.126374937708306	0.129968444120258	0.13118828115477	0.128285739371934	0.127374169512139	0.121878865384133	0.127366622070141	0.116045353741273	0.139322237178794	0.122305453968855	0.116131946788586	0.127113235175469	0.122294560499834	0.126139634847634	0.136607545436583	0.1348603155222	0.133128228427863	0.126113400520894	0.12464296983339	0.140046660247103	0.125721539341634	0.109456043758299	0.137349765827142	0.1330875556761	0.131848252705076	0.124060948031924	0.117768681904336	0.113331894487368	0.114396106503585	0.128077119822796	0.10780788578375	0.111559076482483	0.100215139874956	0.11077593314799	0.106869120626148	0.129955516755757	0.112508448261807	0.122218096558734	0.12058396245914	0.12407223643998	0.118124241341467	0.143378433222418	0.118664345789629	0.106681182586461	0.0938681552456089	0.109484750368886	0.120598059176881	0.12599059062044	0.122503862900076	0.123334050149679	0.131133198803475	0.127520694830539	0.117421593581575	0.1201165236342	0.130333648885501	0.125885446087327	0.127806055771735	0.109326265497046
hsa146	0.0961472720243541	0.103296773925906	0.195014342486071	0.151113518748913	0.122397472135521	0.140834094089903	0.138111791916718	0.136146915830521	0.10454986204766	0.181255192198872	0.134997010402811	0.1284332495855	0.153893622533273	0.133957185722168	0.112926340860734	1	0.224978129465343	0.191037541931835	0.177146402287133	0.150768179181723	0.213364029701821	0.17902127623218	0.123767561382265	0.18326781483327	0.145512538705044	0.140598021732962	0.153083174879518	0.18746805702968	0.155474937629761	0.106742927824972	0.0906376034909636	0.126028169399447	0.121588021070919	0.171663876176952	0.175354979145803	0.112645576788852	0.179147233733869	0.189390663479892	0.145227311955037	0.160543368016879	0.199535103091068	0.191848637927484	0.155735325633008	0.150648048180249	0.142463238674684	0.134638723369153	0.143298119029054	0.127008330197382	0.127938771989347	0.113411335643407	0.11555378092483	0.120675155965412	0.121726494051824	0.126581133833533	0.125402099434387	0.148194632243777	0.169297991843516	0.150968829328464	0.112014171048647	0.114800900081347	0.134598269314756	0.161933581362736	0.136492078117015	0.112563004717416	0.124893221394517	0.14465686502047	0.145558402521099	0.129487802460544	0.156856790731115	0.134579901008603	0.158311076523829	0.173018376494123	0.114300033229364	0.102507766529779	0.142896272302465	0.197925671412245	0.148950091716887	0.144061451873597	0.114670635229735	0.17559386429823	0.127007818308121	0.109749328762333	0.0944250308725874	0.157955805121801	0.110800453566375	0.178857025403332	0.176574330802396	0.154142259558807	0.116434774268781	0.11353125876831	0.134731631895085	0.171127457020577	0.118502388608638	0.152489203883377	0.0958473064589308
hsa147	0.111621030766147	0.106616037256994	0.151782082971136	0.148799840194773	0.136656867528191	0.158000246419963	0.148362573169397	0.144673427191021	0.114189849727149	0.155462450092703	0.145475761358408	0.126707670630271	0.146020086928791	0.132658808717014	0.136953367748606	0.224978129465343	1	0.212195303485952	0.154810684765531	0.151572672492738	0.186970772672076	0.161647278859742	0.127916769619735	0.159199607571272	0.15410146106052	0.164858507566268	0.16370647186916	0.155450575545042	0.144637865136933	0.132953809398814	0.108084753961462	0.144711282139835	0.143028060869835	0.151907693549503	0.167802176231728	0.126312723860921	0.173025701718115	0.168841546170279	0.156770351725684	0.162767616058809	0.179451868782425	0.170652330999103	0.153829497280974	0.155877517583043	0.14804752699455	0.141948466905017	0.165002783074498	0.151544697676659	0.148495811592344	0.138156727271324	0.132808563104142	0.149824359862914	0.139959914968612	0.140424928452801	0.131397655171577	0.14517802396621	0.168800458998637	0.156946081733883	0.117280088710287	0.138949421709018	0.12433331293076	0.144501189625663	0.136303488157621	0.131399129375333	0.132642231359434	0.146407768271543	0.136614096444912	0.12348136439649	0.14488464245199	0.132971000601978	0.168450658184887	0.142655962178584	0.126108767422408	0.104998224691105	0.14230102774057	0.16556595271894	0.154025701379651	0.138304082503348	0.130814834867782	0.14975564037485	0.128948587454913	0.11278361300895	0.120129533678995	0.14359106413765	0.126873114870407	0.145946668648333	0.151098317451711	0.145778187313935	0.120896620747915	0.121979879607114	0.14062719216138	0.158079485380716	0.129377356144252	0.156982487858195	0.11338842279961
hsa148	0.115147559723786	0.118590725864732	0.132193732197196	0.133467082971792	0.13558047462591	0.151935391065428	0.138976612030928	0.140952495693679	0.121643699092384	0.128938179268472	0.145478980036554	0.124410512388243	0.137665457842081	0.127886211160562	0.126829049130459	0.191037541931835	0.212195303485952	1	0.137943525114187	0.134019376805244	0.134550512040529	0.146436515222396	0.128328704230014	0.135687104917565	0.148431368782821	0.145930629902664	0.15207569829757	0.120320784423543	0.133666304523044	0.127071637871879	0.11340133830293	0.142619207819531	0.142885277188963	0.130789712556816	0.158455514926365	0.113992843246694	0.169538533890424	0.153123425671321	0.156194592657244	0.153690165752827	0.169403809647824	0.152287085840799	0.152118201328289	0.155122935268928	0.140371337160012	0.14281021105012	0.150721444513101	0.148525127493468	0.141732029392428	0.133716632698584	0.14520141239991	0.150473108270449	0.149339366309399	0.144923408977728	0.144202741795193	0.150956346215293	0.148814357339033	0.148022607840103	0.112365903433322	0.128871546370198	0.136408751093007	0.128052580513629	0.1304161197804	0.128770247261292	0.121666867581721	0.132702809924438	0.123685255528571	0.101831813235553	0.118153668732013	0.124770170833826	0.124697714395576	0.113561003304191	0.130613369699795	0.121457013855468	0.118941365628247	0.123094934032379	0.122852077802363	0.1272144449668	0.132701064089096	0.126804912836413	0.127978827429268	0.111413436038195	0.111542863678205	0.138432218972942	0.137177403306375	0.140143273232321	0.138137339918151	0.128230115886793	0.13081045663489	0.116592490527564	0.125223126149176	0.134457222953668	0.120036573052276	0.130490315667185	0.126491149987713
hsa150	0.0934913953493605	0.0931272690425778	0.159127728863811	0.147590321938772	0.11450052761612	0.140244401524206	0.138678565613161	0.13016829585835	0.104874462310585	0.143010370209849	0.110577350797514	0.122683187203928	0.131207532557079	0.117758660997974	0.102134370700892	0.177146402287133	0.154810684765531	0.137943525114187	1	0.21671408803905	0.250804106369114	0.164777918853032	0.112256707080025	0.15628737073605	0.1377834059095	0.132089656983714	0.134640502081485	0.165838803752064	0.146489372159782	0.107198031435432	0.0929999152017289	0.124023152843859	0.120272701262016	0.134100737888777	0.160233313568797	0.102538839145435	0.16509364698264	0.157545104541404	0.137052438210575	0.152362208321	0.169975435087004	0.166786795146328	0.141943251172316	0.138917007062714	0.111390953949798	0.130122827502898	0.142601837820078	0.127709447021226	0.130493547990262	0.113548853676032	0.114561003370185	0.128404939037021	0.129845261676933	0.14247916475202	0.112621355783264	0.121959217731394	0.152146703533017	0.125213648422025	0.0903967978914391	0.113031219137577	0.115880901212095	0.150014276003162	0.125950304286671	0.115006132465322	0.112095887551954	0.120391277031622	0.135100603813029	0.122346541882065	0.118798474408184	0.125089847451189	0.150969076572177	0.145291676934091	0.0980933518745368	0.0984348276943997	0.115834377829552	0.154977366581376	0.135223534415016	0.125612704145488	0.0980761040546808	0.144371877972315	0.103954772082649	0.110400411307564	0.104453661489952	0.12645808900559	0.111705730622767	0.132214153738337	0.146035793467946	0.112709696401149	0.110603120820621	0.0940556093711963	0.122585884489395	0.143791234569158	0.106666430035166	0.139264140360707	0.0926704827585555
hsa151	0.0874969883279295	0.0899986500163559	0.139215542211403	0.153856512067899	0.122247383464377	0.137553724112212	0.121131189045067	0.129575342727941	0.105354517934448	0.144581045590063	0.111965982403892	0.13058435003056	0.135090150455898	0.127893239781864	0.110452379212253	0.150768179181723	0.151572672492738	0.134019376805244	0.21671408803905	1	0.225348228524073	0.143227220223481	0.111313475236312	0.155739705769281	0.126062210953492	0.122969011890771	0.130422596426011	0.142772362221351	0.135368966355118	0.109458126450917	0.0828639010111031	0.122260731489391	0.124101098887926	0.12586803555592	0.150955167683847	0.0997015181887223	0.175406958413286	0.160398865244212	0.139974197491943	0.146413110023843	0.156659872959418	0.151932377522308	0.142008473185837	0.138951659534525	0.106014646852111	0.122233830660286	0.143654737152566	0.133589094088193	0.135280008281177	0.119169954406247	0.126323217368841	0.127977967523857	0.124627245115327	0.132628844456644	0.118445149646783	0.133134014498852	0.155324726555549	0.120627230147522	0.0936910118894472	0.114280530801412	0.121186322670678	0.132554783087223	0.108992547865649	0.102785908992279	0.117449811772356	0.12149944193926	0.131985719633403	0.122884954311138	0.139636956960234	0.114139376816396	0.13671146297559	0.132093801709426	0.107496770863408	0.0997929267566161	0.124896389304282	0.150717103685324	0.138223692674666	0.132107466222757	0.108360552184601	0.136384654247972	0.115520616717114	0.101637369441841	0.0924806481219346	0.114375605387953	0.103855993791576	0.152160983535172	0.127542092921542	0.12952311409378	0.111239370988645	0.0974780538049872	0.127636463726021	0.13138217485565	0.106247841055877	0.136705702187419	0.0880681391180855
hsa152	0.0938291329885199	0.0925815269497119	0.183304509433191	0.132695506681795	0.10709802047533	0.123262998632463	0.126640344053899	0.125194831377319	0.0963356241199161	0.178144560687792	0.11599937771405	0.117972042943326	0.13392778488117	0.126737858208646	0.103518689392592	0.213364029701821	0.186970772672076	0.134550512040529	0.250804106369114	0.225348228524073	1	0.189517127773726	0.107918397283896	0.17977694507444	0.13057125394458	0.141248451717035	0.151589147756439	0.197805606965457	0.146546606336699	0.101743583487642	0.0849883257301125	0.116931475808722	0.10529323950115	0.151213435900926	0.150948306402077	0.0950855418032432	0.147477170685114	0.176384861492479	0.135313409389168	0.141025149752473	0.174855584141979	0.169640038757263	0.137720315912409	0.126882435088455	0.115071466536169	0.125561137181406	0.152371917492778	0.125817134901327	0.125312531319992	0.109249503877205	0.110611474648533	0.118500599233667	0.112951421301588	0.129493292833757	0.117083349136577	0.1281298662174	0.167871698222886	0.131026861870823	0.0887161860316206	0.107318747047765	0.12162658222154	0.163883425011486	0.11152525300497	0.104233146609961	0.124827349403012	0.142875277304078	0.133798784351271	0.141225865905396	0.162255036932915	0.132635617782656	0.165594898111693	0.162830059169311	0.102799502698989	0.096028684416386	0.125598483309504	0.219303837410814	0.155445120763765	0.133021046437684	0.105744533984891	0.152481627854217	0.112327482243686	0.112745035851622	0.0867529078273075	0.134114433526913	0.10514908018153	0.162943445442582	0.176060680424618	0.139280444932764	0.11016723638377	0.087582200262247	0.1177409801395	0.158285717641071	0.106419421483061	0.130498462382697	0.080930631601703
hsa153	0.0853206097963568	0.0961578686470439	0.163343963699777	0.132888610553814	0.10893356608104	0.12464476519185	0.150898029395277	0.127651723610528	0.116881339459237	0.156687556735888	0.118710996040984	0.129033724503421	0.141500797508913	0.132247387922398	0.111524714461628	0.17902127623218	0.161647278859742	0.146436515222396	0.164777918853032	0.143227220223481	0.189517127773726	1	0.172625487577426	0.244528317712958	0.134521676734271	0.138897419060918	0.141546571582239	0.191908441792542	0.145336875377869	0.105466639599996	0.0860189246135673	0.134780272734114	0.119294657387772	0.158843799105728	0.151982340127283	0.100107483274962	0.176385185255413	0.178585519973044	0.139448174812412	0.148243979579789	0.175287810268413	0.181226920860614	0.143502488538152	0.142683753213069	0.116396116898833	0.126555246541317	0.164083713050277	0.144106530828123	0.136009235999967	0.115301707728509	0.109843687224805	0.125786693601233	0.117113444372669	0.133686791306523	0.137505256384917	0.135691399963466	0.196455871751068	0.142097539241	0.10019332829463	0.124627425418109	0.132325602700507	0.157911508714868	0.117918705255049	0.115151409437811	0.112162097090044	0.141967374258454	0.146318493145539	0.140098406723651	0.145489857331239	0.113602441754886	0.153472566196645	0.164370187791382	0.115227340246907	0.10052417579741	0.133544796680408	0.176752837537127	0.127232332945176	0.132198967161562	0.116981067472571	0.156232820534032	0.111980679267901	0.107402996088531	0.0870179560123025	0.140967018454666	0.10584402167265	0.156284049808206	0.173169541183476	0.150890994520557	0.109561597495072	0.105949097922489	0.1267256532066	0.159461934517029	0.116712270067377	0.136349958308189	0.0911553179522912
hsa154	0.105630275912516	0.109362733610949	0.107781924165106	0.113086090948029	0.115132035923738	0.13223655919127	0.118435433924528	0.121951563051942	0.117693641811993	0.112524259302166	0.126376175627666	0.122992658995782	0.132836438713909	0.123534101545753	0.119337390966694	0.123767561382265	0.127916769619735	0.128328704230014	0.112256707080025	0.111313475236312	0.107918397283896	0.172625487577426	1	0.151045907118856	0.128542843511823	0.143303407491108	0.124494497029394	0.0981259233860771	0.131301879717233	0.119862893062127	0.106655381610901	0.114992690340184	0.139162170915753	0.104719376540759	0.136838409763969	0.104814582763528	0.144748664838509	0.12817195032924	0.140820220481836	0.13522518481788	0.140066435568922	0.129927534818788	0.131554280219552	0.140337491357485	0.113328056628018	0.121018621970019	0.129682049729035	0.123223475661697	0.121005555861487	0.11423387692296	0.112962465116926	0.132069181306765	0.139511501526295	0.129035672270272	0.136221960510903	0.113284484907344	0.111360963419539	0.121297431198943	0.105432825754873	0.121214537850866	0.11728707990107	0.112548911004927	0.109762362800374	0.113469957254553	0.106642394779678	0.0939198262304721	0.101535213100771	0.0921761686302021	0.094740387960634	0.105503215791444	0.0983784178030467	0.0980781083272812	0.119531716420846	0.116476475398709	0.102945545519145	0.100306996485772	0.114519885445023	0.11379271725458	0.120769779824455	0.103821309109726	0.106186160657755	0.108051056479626	0.105343999123576	0.11742300533512	0.118031240912916	0.111364496696238	0.112865712193331	0.1044622379723	0.111127153985453	0.108419230391268	0.118174336884242	0.118098968130752	0.105710531764754	0.120009858220822	0.114007006401024
