hsa10161	hsa10800	hsa11255	hsa1128	hsa1129	hsa1131	hsa1132	hsa1133	hsa1234	hsa1241	hsa1268	hsa134	hsa135	hsa136	hsa140	hsa146	hsa147	hsa148	hsa150	hsa151	hsa152	hsa153	hsa154	hsa155	hsa1812	hsa1813	hsa1814	hsa1815	hsa1816	hsa185	hsa1909	hsa1910	hsa222545	hsa23620	hsa2550	hsa2846	hsa2911	hsa2912	hsa2913	hsa2914	hsa2915	hsa2916	hsa2917	hsa2918	hsa3269	hsa3274	hsa3350	hsa3351	hsa3352	hsa3354	hsa3355	hsa3356	hsa3357	hsa3358	hsa3360	hsa3361	hsa3362	hsa3363	hsa338442	hsa3577	hsa4543	hsa4985	hsa4986	hsa4988	hsa5028	hsa5029	hsa5030	hsa5031	hsa5032	hsa552	hsa554	hsa56413	hsa57105	hsa5724	hsa5729	hsa5731	hsa5732	hsa5733	hsa5737	hsa5739	hsa59340	hsa6010	hsa64805	hsa6751	hsa6752	hsa6753	hsa6755	hsa6915	hsa7201	hsa8843	hsa886	hsa887	hsa9052	hsa9283	hsa9934
hsa10161	1	0.1251852016966	0.0701326171319894	0.0658097321831308	0.075849786644233	0.0986855773720332	0.0747908730787402	0.068474752121846	0.0992170483717847	0.0579759063181795	0.0792959989931311	0.0730113820496577	0.0782679143580427	0.0779851714306093	0.0943811169132086	0.0775905355960805	0.078630310726944	0.0899214766349925	0.0581176250565504	0.0496368084210798	0.0697050744068494	0.0683064403094479	0.0824645379756098	0.0702335991082019	0.1299056098268	0.0687130617461179	0.104114881555499	0.0568248557920575	0.104160383918398	0.0950111969207948	0.058099789679142	0.0810860170736027	0.123206443965877	0.0537125209240263	0.093089195373381	0.288764026093331	0.075895685968062	0.100105146072009	0.103497832285114	0.0940244857017367	0.0823796133108418	0.0704205744821146	0.0952792418114416	0.0872663808576171	0.0664853514372756	0.0786818112310224	0.0722447833876443	0.0605676743107505	0.0620460105263498	0.092677064974697	0.0869795667164306	0.0901830035371192	0.101944205537156	0.0927079963030915	0.0674073784881501	0.0679739142842012	0.0517978105024662	0.0806515843505921	0.123198008823951	0.0936043043870755	0.0652743739288058	0.0880108453286583	0.142903649165095	0.113763845985975	0.133434816375688	0.116373002344537	0.0892038995175533	0.101076699697481	0.0707359154086566	0.0697906268370641	0.0404228327213969	0.0618900279376593	0.139903885078321	0.118322329067131	0.0579056750309591	0.0523944393286879	0.0850617175208644	0.0541563175328442	0.0774271543455315	0.0658017098796471	0.0627282343733438	0.0771374813480779	0.122081628441001	0.0845109906101162	0.0739118024574013	0.0649842656002333	0.0686093184643539	0.0529988812667151	0.0814231745240123	0.116949572499937	0.0706510424072999	0.0736618501008153	0.0622593754235207	0.0846155880184849	0.0909118509667031
hsa10800	0.1251852016966	1	0.0847368201198321	0.0892785973342634	0.0612854965210829	0.0743025817930815	0.0917639376365509	0.076004188790721	0.103606215872792	0.128235483391585	0.108342683136486	0.0852917445323071	0.0936878631914495	0.0848192104556606	0.0823107997207991	0.0917970652168941	0.0820547779506119	0.107502804708843	0.0591325158907593	0.0610251848702182	0.0790277206784084	0.0758173695271413	0.0962435022702358	0.0852910484265954	0.113623360237096	0.116521629243321	0.123588510296666	0.081372315276059	0.0631366077004326	0.122797470667207	0.0788191587459329	0.0893771646294185	0.132226890921683	0.102172649108436	0.0902045565321526	0.131439806619713	0.113868298183452	0.0763899393913211	0.0839150686650248	0.106827488246003	0.0982244344263171	0.109033077497864	0.0985323056641747	0.107816777996233	0.0676463653933206	0.0800558083439399	0.0592793327372238	0.0838104754937958	0.0732302218442618	0.0785795475410537	0.078086880944303	0.0917578425571616	0.130782973093753	0.0805229877629089	0.0787451592368644	0.0904412064394758	0.0768575795912563	0.0820599790267716	0.104013314556449	0.108844444078001	0.127515342612668	0.0639626804247922	0.093470871323361	0.10065258283283	0.0999025096150758	0.11840518953928	0.106320779146419	0.0730717854393247	0.0818982116603942	0.0905981487565926	0.0822574492994736	0.094456192685321	0.102806155900592	0.112180246086519	0.0845328927512179	0.0682360164728992	0.0760565644321255	0.0801484119704384	0.089283140658728	0.0669507856061096	0.098636532859978	0.0893099599813969	0.103070779648257	0.0933570764623291	0.085575261264191	0.0826488331748772	0.0997248894658508	0.0847383192819674	0.107949601811055	0.106057933802047	0.0886579207254142	0.081372315276059	0.0976593299729923	0.0968548555282575	0.0845708961216465
hsa11255	0.0701326171319894	0.0847368201198321	1	0.150596941363284	0.0896499628973161	0.123930549611989	0.163905347522993	0.088597228261528	0.102738683089955	0.211034345046836	0.0834582621760975	0.124515358990651	0.117562309568727	0.105814533477007	0.0835318735823602	0.211495806246995	0.14853933912256	0.111042410445617	0.154980114064547	0.122937502616896	0.206752831634624	0.155963744376388	0.0852846818668981	0.163122966980554	0.141194636727153	0.128477263786372	0.105844214784436	0.148008717164656	0.128022774537242	0.0945930376174529	0.0741205569769646	0.116914556765491	0.094671399206701	0.109488664180808	0.174426019462967	0.0805851955155753	0.152927945357647	0.141427418928082	0.116434896473171	0.118077093941218	0.170266924821215	0.151236692048177	0.118998991329393	0.0913251529954446	0.103902541653414	0.0988095765358595	0.115114555637918	0.12778352637515	0.0893461286624199	0.116384986586654	0.0685364699004991	0.101927622480164	0.0964809315353126	0.0889743095072593	0.0961468223398273	0.102872719263181	0.162620802735646	0.123469094524863	0.0921697801162806	0.0850833934276748	0.113668330227184	0.172629666163881	0.0790479199317338	0.101455581496138	0.11382049836871	0.105720202773738	0.123759121920814	0.111345043983723	0.149072752611969	0.0765625038833832	0.13138784482489	0.197294943900237	0.119297717600154	0.0765466837918775	0.105389350341398	0.180724005556396	0.114374578752845	0.158690380191131	0.0950732084064502	0.110179451249166	0.140839937818756	0.118025746622746	0.0761121395620113	0.137463529641755	0.0746822287453187	0.130184241456775	0.168217957940351	0.1457907360785	0.0929565581242899	0.0979111313781621	0.141959102829192	0.0986724781097705	0.106419944532175	0.115116392811735	0.0848106697976697
hsa1128	0.0658097321831308	0.0892785973342634	0.150596941363284	1	0.26171927812308	0.344016480616226	0.287558702895909	0.352975692084861	0.0875175052517506	0.135186061683733	0.112012753640313	0.0951718096322071	0.113812270483451	0.0991514206902472	0.101686152102495	0.143646857998013	0.118264842155332	0.107376817010244	0.140692494214021	0.154246332170595	0.103471387280445	0.105805874254979	0.0833305793772747	0.155678742347553	0.120316677734953	0.0690959795584028	0.101786886603589	0.148144692128717	0.103997996466061	0.0925281230149725	0.0741886512099543	0.132121574131999	0.123044455023592	0.156556072771287	0.152298655731766	0.0594331159459909	0.183250948811192	0.137625199135381	0.108411036935468	0.148388550071414	0.166108833156813	0.13469865607258	0.113872784846845	0.117525925306146	0.115140638944568	0.0947795044443094	0.134749177129676	0.123840573860537	0.0935876622158666	0.0949193332324643	0.0943242218283799	0.0699034579425395	0.120711960183821	0.0928456689592212	0.100419289050687	0.135829109253488	0.133833277001929	0.0926868937833336	0.057109901390277	0.127742338756173	0.0787657547265756	0.0948228257670325	0.0791205409116173	0.0932590912932944	0.0801694900198227	0.120341274370532	0.106786912833881	0.102531549295589	0.116506208092377	0.10284933993791	0.127523442682081	0.17553439813886	0.0651312632148633	0.078870448276333	0.139241745823903	0.126447403745336	0.127439615030992	0.115517213347279	0.0929978119366056	0.128004352161367	0.0764579399899354	0.082471028781235	0.0870652153751439	0.121402779518779	0.0512577181602628	0.116690007002334	0.0800796032047696	0.13323557135882	0.124055942546034	0.0639137490706142	0.140116054482805	0.15696282856495	0.106517712071887	0.111676852825523	0.0914184761439011
hsa1129	0.075849786644233	0.0612854965210829	0.0896499628973161	0.26171927812308	1	0.292665641339837	0.423659485552523	0.263476330751207	0.0823271800525921	0.0816285564843033	0.108121003258892	0.112917614492891	0.0843552484810889	0.107708679273223	0.1034113937137	0.127631300916987	0.130580337430771	0.113030138482929	0.10455811851814	0.105750557901759	0.0899520426310556	0.0829056981280541	0.0826774576977553	0.106190271057841	0.0971095326494882	0.0858834598008998	0.0908386735580818	0.105819425434935	0.100096615452127	0.0984746369413688	0.0872360110764624	0.138202141778695	0.116502270968531	0.101497813196394	0.105773487146609	0.0755518478382373	0.120585912324704	0.130629515109839	0.114384764285303	0.108171672459655	0.127243783388547	0.0939318850144495	0.0918451774720046	0.0876479338980567	0.107651076995683	0.0880060380998555	0.0893708981698854	0.109424751285838	0.0951755021115828	0.0899481917056969	0.115545490852191	0.0979881795937712	0.105762461609794	0.109836580346118	0.0978679101088728	0.111398090170084	0.0919621199966717	0.0864044966927075	0.100521081816623	0.10711849028704	0.0756520032915711	0.102860396655848	0.104384337391879	0.0969489422447025	0.0901117434803921	0.0801819819547069	0.0781910608859603	0.0838702601183482	0.068595358399212	0.131255612971812	0.0911862059726108	0.0770849751544675	0.0816914394184099	0.103125331219044	0.0986938142880485	0.0839424916183645	0.0856689855119766	0.0692275870489396	0.105572812167297	0.0921246368205052	0.1117730298947	0.0861370239053306	0.0774745940798846	0.0946546140705221	0.0955668521939515	0.106802828176336	0.0730856186734963	0.0795770693621477	0.0967232168109737	0.0953305926181928	0.078270973538756	0.0789161816802906	0.0884285122954074	0.0847280190778708	0.101823752219277
hsa1131	0.0986855773720332	0.0743025817930815	0.123930549611989	0.344016480616226	0.292665641339837	1	0.285262824377663	0.386420828304608	0.125988157669742	0.115930201432816	0.116155342072862	0.110095003594353	0.104136538924412	0.0993475492565271	0.101656257598806	0.122441840334064	0.147449791934998	0.132204149408384	0.142814995889753	0.124746864760853	0.105109370647815	0.103000348442539	0.111548874570166	0.114447175277672	0.123717914826348	0.108794174222195	0.0971882825368556	0.0967946732336903	0.121976065100612	0.123908210270297	0.0959533500783371	0.105288806350483	0.148882437186513	0.125012400178593	0.125887965651785	0.1088579465221	0.165847234584822	0.123826265086344	0.126803623514085	0.133510433062818	0.174686492623912	0.132735355486281	0.129541281084762	0.136289993955952	0.120305160099234	0.114937859456085	0.0808257374969661	0.100464036525828	0.123499396113245	0.104811895574347	0.131157847467778	0.117289960409065	0.108608825089586	0.122747563257746	0.120467720387367	0.102498927254267	0.123668985453335	0.125090520686785	0.110672801271958	0.114934305642759	0.0905539883251274	0.106170342878434	0.0961993951124188	0.126795076971786	0.117687957907391	0.0821398872626069	0.0787855728507736	0.0962621902223779	0.0974686374244828	0.108867286028128	0.105773501070666	0.114861464601053	0.0781345384897492	0.0790725392041747	0.100604222082125	0.109028823143821	0.116605357004249	0.109502869950229	0.105078254061218	0.102767120094286	0.118236105709238	0.0862348787408802	0.0763772658924994	0.11469189869313	0.0941583675533636	0.108489802437834	0.114541748480812	0.093237481194165	0.128360153099217	0.113094077781108	0.129618569531503	0.0952078753118266	0.0977936300336694	0.119618594117336	0.105753137389615
hsa1132	0.0747908730787402	0.0917639376365509	0.163905347522993	0.287558702895909	0.423659485552523	0.285262824377663	1	0.265028858331718	0.0855658289889896	0.127087843327975	0.0970926725401982	0.102252131035515	0.0928494061401803	0.119763078720283	0.0906379571087285	0.122816965246254	0.130451524549055	0.117119221536544	0.121185859177654	0.109487920126795	0.107104908286408	0.130449381919799	0.0978278703535292	0.159917343007385	0.10724427712648	0.0923830576058314	0.110400855176433	0.129101261849144	0.119183939621607	0.0819954418842397	0.0906677673240087	0.121131331365204	0.144658442055514	0.115779790769843	0.131612652272372	0.0702401169143269	0.155654119811715	0.136691911870119	0.0924045255329306	0.119829613191592	0.147099681481339	0.127353233296245	0.111563063699951	0.108685117542477	0.115459441508431	0.0950419308933508	0.107706158850212	0.162863560514167	0.137641956730828	0.127630605991162	0.107483395098087	0.0985147130223341	0.108010445282081	0.096902852861983	0.106990914179319	0.0988586087391772	0.112441051725818	0.118115731200865	0.0550654114057441	0.112364941257661	0.0789838421436827	0.13523252930075	0.0922054934747229	0.0976736328073625	0.0803914641133855	0.108190909971149	0.0920910235442146	0.087169611906593	0.0840347448767258	0.113245297506308	0.0919112565685493	0.126014618543676	0.0740198125560754	0.0700501026477125	0.114240501634811	0.116231053210949	0.11046467842926	0.0972203884461628	0.112773857472252	0.124409271230312	0.0910451945387243	0.0849344936525778	0.0676623688775982	0.0913041905705276	0.0856660684132229	0.0741082963323443	0.107068437891748	0.106035297900226	0.10573951540866	0.0747724997885569	0.106862204202663	0.0919625426870612	0.0784745922039772	0.0995431687319122	0.089488939483275
hsa1133	0.068474752121846	0.076004188790721	0.088597228261528	0.352975692084861	0.263476330751207	0.386420828304608	0.265028858331718	1	0.0972703449719642	0.113887079997212	0.123911670827177	0.0921669365493095	0.100356943396012	0.11936636043009	0.128247294010644	0.120143276602581	0.124652180355348	0.115823500708617	0.110901480299214	0.0950824782732266	0.112081669500229	0.0902381731905442	0.0999704273245049	0.118524206878169	0.139098890944494	0.0925908590898993	0.108070236109623	0.106766361817165	0.126478615308457	0.0773457675518602	0.0723684210526316	0.103550298013508	0.121739593422227	0.112916504822827	0.134690343087899	0.0823193600447896	0.126434808744795	0.127700778903701	0.114083064390535	0.120487319392922	0.134677050982313	0.121344926739222	0.116379423888443	0.129696461974889	0.129991910178136	0.0993972658477291	0.123765469582665	0.126743214182374	0.11213175023946	0.116311998575634	0.148027046781821	0.0822057938323171	0.0843190768723046	0.102161693989235	0.122691719954378	0.0953249651257553	0.107775637901694	0.116897365788639	0.0602536999486998	0.120832155637751	0.0910615995482218	0.109625283449674	0.0991131465329325	0.099976171533869	0.0898019357479305	0.105981004788892	0.107070925560728	0.099093508722011	0.0657356238945355	0.114453807117414	0.0998926615010203	0.0886798766834631	0.0800904094396484	0.0660778066666572	0.0898019357479305	0.0897054523080408	0.112373210531236	0.0878049198357838	0.102287352873762	0.121079995507161	0.0858823404287257	0.0780097834620086	0.0700021315852494	0.103351979643193	0.0767678334208994	0.106698439874684	0.120419454418355	0.0740165815716161	0.123212432609585	0.0644867777875566	0.117602826683245	0.113439259430737	0.0822495254730128	0.0871913939634328	0.0967676524854918
hsa1234	0.0992170483717847	0.103606215872792	0.102738683089955	0.0875175052517506	0.0823271800525921	0.125988157669742	0.0855658289889896	0.0972703449719642	1	0.100564748338641	0.108465228909328	0.0943975926254601	0.0987277794060554	0.0965567419701468	0.104893298959784	0.0827873907848803	0.0985343223509424	0.107624400500126	0.0751412141563919	0.0845751026292576	0.0536322706450646	0.111482716472165	0.128212465577993	0.112984613447217	0.109108945117996	0.109654220603643	0.0815912390008274	0.0671723629146505	0.108309577902492	0.1306198890507	0.0717455026743565	0.107832773203438	0.146452194846674	0.0768648367265553	0.0972677190763304	0.0581074934982881	0.103924074869817	0.106084372463605	0.122583196346971	0.104720230186824	0.110408954033637	0.128258774901765	0.105935968046163	0.118124123684224	0.0972575801573394	0.0907386186841536	0.0883272003925402	0.103904752938011	0.116342336299759	0.115544254221248	0.0995105208005666	0.0921965415043979	0.123782374745705	0.096976803027945	0.0996023841111995	0.0782269243747186	0.103325488547744	0.0850379245626816	0.101961568334951	0.170715839910528	0.0963541666666667	0.0677170423607452	0.0865366897523829	0.0690669908218376	0.105465071734353	0.093843467588615	0.0940553683966785	0.0928542037451895	0.0681186576141333	0.088811027461797	0.083006468387087	0.104463861754668	0.105946335794949	0.0885103468059679	0.0577546821402409	0.087793133149398	0.0796981005108798	0.147313912747197	0.102967010535869	0.086725525696381	0.0995346964485322	0.0981601582449146	0.0958562089834941	0.115598568127937	0.127101849184701	0.145833333333333	0.153968434004262	0.113272892499408	0.110742079353491	0.10396585582274	0.117444691875442	0.107055953395224	0.129368812437673	0.116043052478337	0.0932655006325888
hsa1241	0.0579759063181795	0.128235483391585	0.211034345046836	0.135186061683733	0.0816285564843033	0.115930201432816	0.127087843327975	0.113887079997212	0.100564748338641	1	0.117804007246605	0.127586862764296	0.121913165235384	0.126880004899925	0.119442249296203	0.178961904281553	0.120364979942468	0.103902919213366	0.12228668714012	0.141394992638154	0.168757116594514	0.145496868765794	0.112101809763065	0.220337124664946	0.111919638794316	0.0992461418934767	0.116961430813397	0.176309983244599	0.104564404266514	0.143411550811008	0.0692646568404094	0.125792438118394	0.112135397535936	0.182144386874542	0.170735191686717	0.0731716022848016	0.164740277562789	0.16416705260071	0.113672971611296	0.126751198847286	0.169802240228245	0.160676107977579	0.109792934055502	0.12604374477047	0.0896266322284404	0.149158495190082	0.139129608276333	0.149301419418549	0.148166020454629	0.0941968631923112	0.0862163118393757	0.11723074833494	0.0981625019644823	0.113219114822388	0.132217650735343	0.115800340576088	0.164176247693782	0.122036746782812	0.103483893625235	0.154511959302198	0.128220054131768	0.171913336871263	0.103201891181453	0.121450605283122	0.121212210256936	0.17404450438561	0.154610654405381	0.192093112426009	0.159710682819063	0.157576368413744	0.226671068099342	0.309431250689129	0.117251105570611	0.090628574928518	0.15272738492374	0.262344288990607	0.20848872196934	0.189626707996191	0.10686206749777	0.153876086997047	0.134530122038722	0.110133384457579	0.0675303955185145	0.127876550033026	0.0908030827460175	0.198894724491979	0.198192599266986	0.182260158844687	0.130671192263998	0.112611232583359	0.124722004515642	0.172256880181504	0.11490380832394	0.132399643458425	0.0950427788779093
hsa1268	0.0792959989931311	0.108342683136486	0.0834582621760975	0.112012753640313	0.108121003258892	0.116155342072862	0.0970926725401982	0.123911670827177	0.108465228909328	0.117804007246605	1	0.133397673160862	0.115552522640609	0.0907664257112678	0.151697009103034	0.126494576813101	0.137847555674844	0.140082062837705	0.0652016719519832	0.0715977199353158	0.0930757841991035	0.0931531725633375	0.104955429644878	0.105882352941176	0.12820737267302	0.111007587960715	0.122288317010319	0.0856089222090368	0.111244692782931	0.117786503027097	0.0814105663405607	0.115011713222813	0.108090836049244	0.0990353802231693	0.135553640484952	0.0964578343235203	0.118009654164361	0.104235042612763	0.109167276554998	0.123417771966242	0.114742311135673	0.109968023093909	0.116255498359037	0.128123601151231	0.111244692782931	0.155343763977078	0.13110062118259	0.0964506845322183	0.137467622275806	0.120312326239346	0.110701860692512	0.144391961842009	0.128506800283731	0.10763230003026	0.0972305585328247	0.117657297460581	0.102732875368742	0.0897436990086367	0.0771314225394367	0.124987945416819	0.112984613447217	0.104461432899142	0.0905494344435191	0.0813348413838929	0.100229997102827	0.132859515369672	0.112494830319598	0.0920818511032262	0.099217077766376	0.133298624668595	0.1173003403177	0.123607600123336	0.100900919099447	0.0977484584582884	0.119840213927294	0.108828597528189	0.116003246763526	0.0958706236059213	0.111683403678823	0.124066798662341	0.120915800708758	0.0989879899359681	0.0989126245600223	0.0919484511263068	0.0926428014396693	0.0964135368082916	0.127239782393014	0.128868274246406	0.119582798092515	0.0814121313114154	0.103947509569795	0.116573851518688	0.0987854056976522	0.115339357640029	0.0854245393927466
hsa134	0.0730113820496577	0.0852917445323071	0.124515358990651	0.0951718096322071	0.112917614492891	0.110095003594353	0.102252131035515	0.0921669365493095	0.0943975926254601	0.127586862764296	0.133397673160862	1	0.194988439940892	0.211114369074044	0.231198668535769	0.121155691012611	0.122876141288943	0.118430560014511	0.122291691556299	0.121774857848176	0.106976864007486	0.109045577705706	0.117754181790316	0.138078293271769	0.12006416214975	0.12776208002173	0.122912180851805	0.132615589836518	0.116752196073465	0.0822289845431101	0.102884022194578	0.116333190817506	0.109835133046437	0.125441492219301	0.119053864666774	0.0837294779587331	0.107631716390826	0.100174754629321	0.0985583580281938	0.0971250230140804	0.103710934105577	0.13599732038639	0.0774461553621394	0.0804857713572292	0.0595207274100017	0.132074167575051	0.129995622306183	0.115119498501734	0.0871651614071155	0.119666462429512	0.124201359306697	0.118775002506302	0.121330713566542	0.107443794583091	0.108313635223913	0.126927859914959	0.138223542239293	0.121396230935637	0.100183851287074	0.138129979805034	0.110580037075539	0.119485759314997	0.0922600115170025	0.0791950971692876	0.0858217568567416	0.0690570963097255	0.0868800182525603	0.093419285573735	0.105823333714047	0.0845216927610267	0.110530085239235	0.0934374753682242	0.104373630523247	0.102779363891311	0.0962243940514982	0.153707020983595	0.109167718102831	0.0788276005359081	0.130634621569891	0.121377816387941	0.106031047425496	0.0467096427868675	0.083177204046161	0.0997689283860803	0.0789818347750548	0.103088164644947	0.118963326604151	0.117314066596571	0.12488789308271	0.10504876872157	0.0900096786976587	0.0847870164528557	0.0803905390404602	0.131108788401916	0.0724446615885918
hsa135	0.0782679143580427	0.0936878631914495	0.117562309568727	0.113812270483451	0.0843552484810889	0.104136538924412	0.0928494061401803	0.100356943396012	0.0987277794060554	0.121913165235384	0.115552522640609	0.194988439940892	1	0.32160378297299	0.211045104154075	0.145980998043015	0.122332734213025	0.112679912569911	0.109784314684655	0.109121936598082	0.120840815788365	0.151075490443327	0.145032533247937	0.13149080162552	0.0841725622926793	0.12286157764924	0.117713286673098	0.109192999661371	0.0799018394979374	0.0880655150047424	0.0802855547168095	0.132704752828529	0.106859039514233	0.143752016942959	0.149425519481002	0.0935525725433738	0.115380776588461	0.119664102894986	0.11092107999698	0.103352071716349	0.113189979707461	0.122504299505192	0.116749650802923	0.094553200963734	0.093543616973195	0.140541936727417	0.131157454831593	0.0681740468142344	0.0960273042063126	0.0905519837659686	0.0877346477798403	0.0911991399392741	0.107185394448453	0.109361443636462	0.125137287246211	0.0827636507380481	0.146136631648013	0.10334351808749	0.0691504948651859	0.112885255482236	0.135463697324588	0.148153241386629	0.0875161302605055	0.0674180729803221	0.0686314530135225	0.113220725034532	0.100854786937165	0.102917289542163	0.124405098908861	0.107928833753482	0.106639034933581	0.123500168291711	0.0888523316638639	0.061483076156601	0.110695891957294	0.14743594665998	0.124666883864271	0.123387029198206	0.142981813070296	0.119860296660701	0.137902226833962	0.0771879671566219	0.0753762630691312	0.11465872677669	0.141196701712031	0.0816353731522939	0.112046069024201	0.115403494093416	0.0824490952617506	0.0693059798170876	0.0890500118929212	0.129551016547389	0.0958100386305556	0.0911495801420271	0.0571032295978267
hsa136	0.0779851714306093	0.0848192104556606	0.105814533477007	0.0991514206902472	0.107708679273223	0.0993475492565271	0.119763078720283	0.11936636043009	0.0965567419701468	0.126880004899925	0.0907664257112678	0.211114369074044	0.32160378297299	1	0.224377592168655	0.109362820427466	0.115982057306736	0.110846522333679	0.101713669493219	0.127473894426098	0.116613438863435	0.125451864775012	0.117101799031953	0.139640654940412	0.126422451124719	0.0870556907858332	0.101859351417891	0.121070964251533	0.0956161825501841	0.0738598621386988	0.0795775736200603	0.106433586194215	0.0936228201187658	0.117549605531407	0.106251278173973	0.0676532993216932	0.116285388271779	0.106046847218227	0.104657227473919	0.10463584094539	0.0952027881896452	0.127380851316997	0.109107540607904	0.088043849713193	0.100169334100193	0.126290816447039	0.0981535591823624	0.0821281850105907	0.0866822482097467	0.111069919554586	0.105117666245527	0.118116964187989	0.120658516075232	0.102202945108985	0.0923259043414707	0.110110867566465	0.166279542277397	0.0946852317368004	0.0807801176991945	0.109891768696385	0.120695927462683	0.11365753180964	0.0891274754492958	0.0914589752425875	0.0853462864011324	0.0991965080522025	0.0968712526633086	0.10929614496753	0.132799134959937	0.0988863822729496	0.131901270581295	0.139379718362444	0.085165439026246	0.132596685082873	0.113795048534843	0.137785196158085	0.113858657665794	0.0960920454304474	0.135213363321391	0.113463036460935	0.10251462402195	0.0792397051014592	0.0533654096550959	0.12153982991723	0.128288956229787	0.109669385941401	0.130889802902391	0.124441730312847	0.0963152560574001	0.0809617518688351	0.0991878718242983	0.0929652046931411	0.0852748359101694	0.110825055583908	0.0640384915861151
hsa140	0.0943811169132086	0.0823107997207991	0.0835318735823602	0.101686152102495	0.1034113937137	0.101656257598806	0.0906379571087285	0.128247294010644	0.104893298959784	0.119442249296203	0.151697009103034	0.231198668535769	0.211045104154075	0.224377592168655	1	0.0985136918646247	0.141226022779114	0.113469711268582	0.095343915084076	0.0852183320941523	0.0923186182344995	0.115138854476442	0.127420387129296	0.114356206862287	0.105644281841065	0.115609775231799	0.127677377715812	0.0845511689404986	0.116427432729286	0.12696813301379	0.139647053478257	0.162413430196997	0.130392393484297	0.156365697905524	0.115678527127563	0.104370715180858	0.103357051775419	0.117619606167222	0.104947539342216	0.114611579041771	0.0928150164871685	0.111964542994174	0.0917114889427745	0.0947090282984078	0.0890327426753365	0.121575492850713	0.124832760415063	0.0923385486863031	0.0971488985873336	0.11668173501244	0.118585412256314	0.143991489620268	0.136973450269748	0.144412723546861	0.108012344973464	0.11310938812257	0.166740790160065	0.113937458379177	0.0837043359969099	0.154275241145033	0.126409873105381	0.145056303504049	0.128804727483121	0.117188419432184	0.0855830310623031	0.0816177823710453	0.0997653712866745	0.106859341748482	0.082915619758885	0.0842865832854034	0.112672021377305	0.107889812495025	0.112089707663561	0.0914130931057484	0.111517282899365	0.118737611701234	0.111519272878504	0.0938228454985701	0.154198613245485	0.104094560134531	0.0851763080360708	0.0575396455568751	0.0668918019862433	0.0994914064899834	0.107641584809307	0.114755062109849	0.0984396615824997	0.127386650578492	0.111832284910577	0.0942809041582063	0.0921852307087671	0.108398934539101	0.0935280744700846	0.1067743402419	0.0829458344629417
hsa146	0.0775905355960805	0.0917970652168941	0.211495806246995	0.143646857998013	0.127631300916987	0.122441840334064	0.122816965246254	0.120143276602581	0.0827873907848803	0.178961904281553	0.126494576813101	0.121155691012611	0.145980998043015	0.109362820427466	0.0985136918646247	1	0.309908797568208	0.24018108031997	0.176560972845187	0.124026793861454	0.249845421832769	0.176918421422732	0.100309766743032	0.223317586225598	0.147667377129618	0.151562910257952	0.158909596398778	0.211802504386855	0.161925123282102	0.0690305493058786	0.0800955177350543	0.102468660814659	0.108192503076939	0.1770696146281	0.169071525844457	0.0855535379902406	0.148962865437516	0.182207727404678	0.11369859777643	0.123139737827977	0.19341935279502	0.182554058360563	0.13565714092927	0.124600729337169	0.139011190742182	0.110164428065664	0.122084927262581	0.103537157032944	0.116328579070054	0.092273452709551	0.0899315660219713	0.105676220847505	0.113042067196939	0.134040317039463	0.101531158600624	0.14777005706155	0.144303063834565	0.144540618348259	0.101180661587896	0.103233216691715	0.138578893270343	0.173329228945787	0.130163934845285	0.0903495431116533	0.109329534567577	0.117762530382825	0.135272705991398	0.108174058813259	0.127778924869818	0.112800667844381	0.149149867689933	0.169000586795779	0.0982205499797329	0.0945339634203518	0.135360376131286	0.23113665740381	0.140362455127807	0.123866242194587	0.0925079472495783	0.171707264738403	0.129714335537669	0.0788387208300025	0.0805691211925318	0.159779124877025	0.0860826310854348	0.191970761240302	0.177344624896652	0.165262633847618	0.0901391830052521	0.101641825768994	0.116878188744952	0.161027931417403	0.0768892510360657	0.141437892614971	0.0680361467848047
hsa147	0.078630310726944	0.0820547779506119	0.14853933912256	0.118264842155332	0.130580337430771	0.147449791934998	0.130451524549055	0.124652180355348	0.0985343223509424	0.120364979942468	0.137847555674844	0.122876141288943	0.122332734213025	0.115982057306736	0.141226022779114	0.309908797568208	1	0.294334457663687	0.145886637529724	0.14973013248029	0.231612527475293	0.146664257708304	0.102740044696039	0.15704151912324	0.164994569982861	0.190515602705449	0.16800992537538	0.171818210354377	0.12289266386214	0.11075155686758	0.106540325090041	0.130104847773351	0.103989453924347	0.134895577281786	0.13428561178186	0.105346653614819	0.133748091993418	0.130103485921088	0.133267363298141	0.123105834297914	0.141763543522978	0.140306386937879	0.11909469044836	0.115217625035991	0.131426876630344	0.117409924192108	0.19923082162547	0.151138342758955	0.154827328479619	0.13680677626693	0.124127388982658	0.149331663512975	0.143374774505829	0.149768519629626	0.109599172918984	0.140946961972321	0.164559933480419	0.166825125517334	0.102959104025702	0.148302687087088	0.108588845039814	0.127820593958116	0.125783598097133	0.12380795165504	0.110524076851716	0.139208575340999	0.0961835103664601	0.0983325817103282	0.146529588766105	0.111208785860909	0.177638994021546	0.135664993475398	0.0997688042508298	0.0766310021490936	0.139609360233747	0.177552430463182	0.152862050373837	0.115649837778295	0.115289242235548	0.123076973475973	0.111995173417745	0.0798952226396416	0.106027146424672	0.137614949643541	0.0981464391494491	0.139422714619021	0.150974572550426	0.14383609208753	0.0912145407567873	0.107694182574342	0.112454737593214	0.129674121022171	0.111884594616837	0.153146468601614	0.0840215122610608
hsa148	0.0899214766349925	0.107502804708843	0.111042410445617	0.107376817010244	0.113030138482929	0.132204149408384	0.117119221536544	0.115823500708617	0.107624400500126	0.103902919213366	0.140082062837705	0.118430560014511	0.112679912569911	0.110846522333679	0.113469711268582	0.24018108031997	0.294334457663687	1	0.12569552287942	0.122548641077468	0.131690327444131	0.154644246785256	0.122887335082868	0.143973231249863	0.15657046410034	0.1455514603089	0.161787108351035	0.108440779332993	0.114188604638472	0.0948218277421815	0.11879333406012	0.133462532058291	0.110151637250103	0.0982676525186774	0.128158348522919	0.0739577951926332	0.122618178207286	0.111486254126199	0.122208314274149	0.109003774510026	0.130433330562838	0.131464511977935	0.112671621693997	0.111071805650288	0.100866600763984	0.12669002514281	0.14409340279733	0.160198489170823	0.14066452714979	0.128222596146518	0.151584297431493	0.141336510839902	0.165573476725785	0.143691758387777	0.130779691915884	0.150421714986521	0.157538203285559	0.146434490413337	0.0855374361665366	0.114832437039038	0.134530500625158	0.0971734145028914	0.113952914471768	0.106189906879257	0.0864808770980003	0.123324446847265	0.105056719264979	0.0822312247843962	0.0858801192092493	0.11159883541023	0.124558812632084	0.0899428839621938	0.0889944263423723	0.0969907070419693	0.1037770525176	0.100785955447805	0.110676906948158	0.0803298291600415	0.099735865021918	0.100905759039257	0.107735755315738	0.0730944220305744	0.100376435929265	0.124412265934423	0.118188809173102	0.143499200666835	0.136774530332365	0.108363796872569	0.105942665782728	0.0829642908108074	0.0889849984673161	0.108440779332993	0.102475052891651	0.103545693882994	0.0959152609990756
hsa150	0.0581176250565504	0.0591325158907593	0.154980114064547	0.140692494214021	0.10455811851814	0.142814995889753	0.121185859177654	0.110901480299214	0.0751412141563919	0.12228668714012	0.0652016719519832	0.122291691556299	0.109784314684655	0.101713669493219	0.095343915084076	0.176560972845187	0.145886637529724	0.12569552287942	1	0.31460947168111	0.348805570231638	0.149774487820002	0.0917389156071207	0.135992058642708	0.127429336132863	0.124299516354976	0.120260495300071	0.164401448976089	0.133025540347577	0.0907922916933787	0.0841713799194038	0.0981582472527845	0.0791029857089463	0.124815498054417	0.145796611516542	0.0666493123342975	0.131157829696872	0.131184963564631	0.0904206552816259	0.117256942605762	0.150291900737715	0.135948038244786	0.0924716083927891	0.0973822911062934	0.0765352423917566	0.123327992697636	0.143718779488177	0.101596447615954	0.130605445541131	0.0973722173793647	0.0967617272396844	0.113084217332217	0.109336060559652	0.130148400661285	0.0882713129758449	0.107484636840898	0.136646446864925	0.108000849649916	0.0495725345661178	0.0791658235744784	0.0966101324867896	0.165411459074153	0.121700046203699	0.0915095469773021	0.0807356520769828	0.0855088624603498	0.138314333572658	0.102795184886631	0.0782193215817214	0.118729273141582	0.156413872189186	0.137010177298233	0.0596487715494333	0.0818131689401979	0.105577391177593	0.129245047237999	0.114451483158651	0.103229560605918	0.0763980021476274	0.117873570866357	0.079712560072278	0.0831110005466376	0.0747528848686556	0.113168995552182	0.104783586039892	0.114500897762121	0.14909540229922	0.0747063238077761	0.105498161650076	0.0564432521030158	0.094885719868736	0.114215743499178	0.0789228390472879	0.118278758064725	0.0640739013159905
hsa151	0.0496368084210798	0.0610251848702182	0.122937502616896	0.154246332170595	0.105750557901759	0.124746864760853	0.109487920126795	0.0950824782732266	0.0845751026292576	0.141394992638154	0.0715977199353158	0.121774857848176	0.109121936598082	0.127473894426098	0.0852183320941523	0.124026793861454	0.14973013248029	0.122548641077468	0.31460947168111	1	0.346158501355957	0.130825881836183	0.0938945453702721	0.162884812852844	0.109834519824117	0.112192985677977	0.111633449576491	0.141334918953742	0.131317300948154	0.101437617417597	0.069945731143523	0.096093319895771	0.0933393072401679	0.10885682968097	0.127245137490021	0.0700425988540942	0.167689161670105	0.14581909797272	0.114987269058803	0.113902567558067	0.119999034771772	0.114900338373783	0.109828343813705	0.107111021498968	0.0682849964930402	0.097129319289959	0.176755120060663	0.135898670578364	0.131372549019608	0.103727979209498	0.133394593769983	0.126467526086798	0.1138083274884	0.125051051666413	0.106510740374509	0.132191909485653	0.173922713641102	0.0837449564327881	0.0704110333621865	0.0887427814531695	0.11758002072848	0.123173081863426	0.0907243313671659	0.068386511263035	0.103431448489079	0.0880284115490005	0.118802006992054	0.121885325216333	0.148384547228507	0.102671245709162	0.125866047966885	0.122240933509192	0.0839220032598003	0.0764843366556589	0.117354912708763	0.149019694419601	0.138479373709713	0.143917675302879	0.0917572792407698	0.122540332280816	0.0991172010444687	0.0756529604791034	0.0677208446169547	0.0877523892893492	0.0745029535373897	0.174192623301452	0.108409931822426	0.127609601358677	0.103315606793374	0.0763273833065642	0.137684486545808	0.103091352648612	0.0881288176998049	0.143729133425756	0.053355816970934
hsa152	0.0697050744068494	0.0790277206784084	0.206752831634624	0.103471387280445	0.0899520426310556	0.105109370647815	0.107104908286408	0.112081669500229	0.0536322706450646	0.168757116594514	0.0930757841991035	0.106976864007486	0.120840815788365	0.116613438863435	0.0923186182344995	0.249845421832769	0.231612527475293	0.131690327444131	0.348805570231638	0.346158501355957	1	0.225187077467061	0.0977966315228436	0.194769696564791	0.130039121652575	0.16553939540589	0.16407502734015	0.251381865151113	0.146684316099095	0.0761898968977072	0.0589349623663175	0.0873923378724706	0.0719048696860297	0.120813739268179	0.145013405275012	0.0539580171740027	0.119394583074174	0.154696146566983	0.0898118936889454	0.114451282325386	0.164516238211348	0.136265937166882	0.108135816438417	0.0853593596111947	0.0792432512259481	0.112236815111561	0.156022483041338	0.11980472856052	0.120840785927898	0.0998848589140325	0.0973123680201904	0.10977523909591	0.101161597309721	0.123858423576716	0.112061233518644	0.105415510153094	0.195392025894165	0.124469493218811	0.0598255636604206	0.0874895021261513	0.111237302078652	0.183653451506715	0.0912457958817488	0.079023350280469	0.113006914702432	0.113022613377885	0.124095342818865	0.163912543349561	0.170722012375797	0.135484787515658	0.171854592363109	0.166607624331461	0.0867258180783988	0.0756964427710014	0.099599314652991	0.245541906281784	0.152958819797228	0.125476085513992	0.0922846809240636	0.126939624738921	0.0780912900169439	0.0910625240830897	0.0691640177825602	0.106544946411001	0.0794985789933351	0.185395503464421	0.206922523606413	0.126721719371953	0.110750530727296	0.0599600814958515	0.0949582937673858	0.144104253908281	0.0671014876437015	0.112654394903229	0.0632356734011979
hsa153	0.0683064403094479	0.0758173695271413	0.155963744376388	0.105805874254979	0.0829056981280541	0.103000348442539	0.130449381919799	0.0902381731905442	0.111482716472165	0.145496868765794	0.0931531725633375	0.109045577705706	0.151075490443327	0.125451864775012	0.115138854476442	0.176918421422732	0.146664257708304	0.154644246785256	0.149774487820002	0.130825881836183	0.225187077467061	1	0.237805050845161	0.334993139795079	0.12974679032711	0.152127738131067	0.135245768517342	0.209679609708221	0.138434036273537	0.0730948269511017	0.0721905385524353	0.126448270249286	0.0947501678305655	0.138490517971165	0.129685906509636	0.0821170180098753	0.168843460018663	0.163253100162966	0.109966602492977	0.109039402912047	0.170985834824715	0.157360657173951	0.113623290255719	0.110895142645989	0.0963781265195512	0.118594700240783	0.171371589267307	0.16091304440715	0.135404787700449	0.093635100023058	0.0910252568320577	0.115874837204324	0.0841118195079719	0.13409286742749	0.142130487652103	0.134367230100422	0.232086642311078	0.136652379580581	0.0704686293091278	0.112076541737422	0.119740695470103	0.157074727736121	0.102905015979782	0.101685927436084	0.0736556545228298	0.127256159971277	0.153158274218195	0.109365886213572	0.100289715720525	0.0799207347417671	0.127849140312915	0.154337783707445	0.108573280724767	0.0744205977478884	0.109488135101504	0.162398622335245	0.0957919781857152	0.110946186018425	0.102035929258282	0.13007333159354	0.105961797513304	0.0862307948991628	0.0492918109091907	0.133645476690912	0.0967315416114916	0.148643621962886	0.195684994330841	0.133700578578815	0.0936453903860866	0.0824205939731376	0.108003141768479	0.139786406472148	0.0964056422335289	0.10370343725465	0.0657224145455876
